 #! thr0[f,0]/ phr0[f,1]/ pr[f,2]/ ei[f,3]/ th_e[f,4]/ q2[f,5]/ x[f,6]/ plab[f,7]/ crs0[f,8]/ crs12[f,9]/  ratio[f,10]/ crs_ten0[f,11]/ crs_ten12[f,12]/  crs_pol0_-1[f,13]/ crs_pol0_0[f,14]/ crs_pol0_1[f,15]/ crs_pol12_-1[f,16]/ crs_pol12_0[f,17]/ crs_pol12_1[f,18]/ asym0[f,19]/ asym12[f,20]/ ID[s,21]/ w_l[f,22]/ w_t[f,23]/ w_lt[f,24]/ w_tt[f,25]/ w_l_pwia[f,26]/ w_t_pwia[f,27]/ w_lt_pwia[f,28]/ w_tt_pwia[f,29]/ 
   96.0000000       0.00000000       0.00000000       10.5419998       15.6215286       5.80000019      0.998708546       3.92142200       672.480957       657.719055      0.978048623      -5.03188977E-03  -2.43717289       672.478455       672.486023       672.478455       656.500488       660.156250       656.500488      -7.48257571E-06  -3.70549224E-03 k_32_38_0                                                                          6.51556444       63.3015976       1.85104887E-04  -1.04904175E-04   6.66556072       64.7198792      -5.08728682E-32   0.00000000    
   96.0000000       0.00000000       2.99999993E-02   10.5419998       15.6381197       5.80000019      0.993668795       3.95367765       328.560181       318.548248      0.969527841       4.89541674       3.14046001       331.007874       323.664764       331.007935       320.118500       315.407837       320.118530       1.48996040E-02   9.85866319E-03 k_32_38_1                                                                          3.09274411       29.8363113       1.04173863       6.25991821E-03   3.19425583       30.7883072       1.05950236       6.34193420E-03
   96.0000000       0.00000000       5.99999987E-02   10.5419998       15.6603794       5.80000019      0.987011850       3.99676657       86.0296021       81.0686798      0.942334712       5.11000681       4.14048719       88.5846024       80.9196014       88.5846176       83.1389236       76.9281998       83.1389389       5.93982376E-02   5.10738194E-02 k_32_38_2                                                                         0.776333451       7.40884638      0.526808321       6.27279282E-03  0.826650083       7.87713623      0.544362068       6.49094582E-03
   96.0000000       0.00000000       9.00000036E-02   10.5419998       15.6884289       5.80000019      0.978787780       4.05077410       24.2903652       22.0829430      0.909123540       3.22376966       2.69530559       25.9022484       21.0665951       25.9022503       23.4305973       19.3876419       23.4305992      0.132718042      0.122053735     k_32_38_3                                                                         0.210149094       1.97388816      0.214907631       3.87483835E-03  0.232484415       2.18085909      0.227211401       4.04322147E-03
   96.0000000       0.00000000      0.119999997       10.5419998       15.7225323       5.80000019      0.969029129       4.11600018       8.09066200       6.90120268      0.852983713       1.88494849       1.54672003       9.03313541       6.20571375       9.03313541       7.67455912       5.35448217       7.67456484      0.232978269      0.224123254     k_32_38_4                                                                          6.57847896E-02  0.603822708       9.06391963E-02   2.17866898E-03   7.77437389E-02  0.714793622       9.98912677E-02   2.35635042E-03
   96.0000000       0.00000000      0.150000006       10.5419998       15.7629519       5.80000019      0.957791805       4.19268942       3.08559704       2.46416497      0.798602343       1.09974909      0.883853853       3.63547158       1.98584771       3.63547158       2.90609193       1.58031130       2.90609193      0.356413722      0.358682901     k_32_38_5                                                                          2.37142742E-02  0.211647213       4.08722721E-02   1.22683495E-03   3.00105922E-02  0.269197702       4.73521762E-02   1.38680637E-03
   96.0000000       0.00000000      0.180000007       10.5419998       15.8100443       5.80000019      0.945128441       4.28121471       1.30531967      0.985437572      0.754939675      0.648041487      0.508871317       1.62934029      0.657278240       1.62934053       1.23987222      0.476566106       1.23987401      0.496461898      0.516391218     k_32_38_6                                                                          9.71036777E-03   8.35887045E-02   1.95807461E-02   6.99844211E-04   1.29586505E-02  0.112857752       2.40096841E-02   8.37236643E-04
   96.0000000       0.00000000      0.209999993       10.5419998       15.8642035       5.80000019      0.931105077       4.38195467      0.599833012      0.437557489      0.729465485      0.385449827      0.295779765      0.792558014      0.214383289      0.792558014      0.585447013      0.141777784      0.585447848      0.642595232      0.675979197     k_32_38_7                                                                          4.48471447E-03   3.70156430E-02   9.95193142E-03   4.10400331E-04   6.13161922E-03   5.15814051E-02   1.29144909E-02   5.20734116E-04
   96.0000000       0.00000000      0.239999995       10.5419998       15.9258842       5.80000019      0.915799201       4.49530840      0.295792222      0.215288028      0.727835298      0.230649516      0.172930434      0.411116958       6.51427433E-02  0.411116958      0.301753074       4.23576087E-02  0.301753461      0.779768705      0.803251505     k_32_38_8                                                                          2.33400054E-03   1.83946192E-02   5.38776629E-03   2.49121338E-04   3.14184348E-03   2.53913682E-02   7.33500253E-03   3.34642828E-04
   96.0000000       0.00000000      0.270000011       10.5419998       15.9956474       5.80000019      0.899284601       4.62179995      0.155476496      0.122995436      0.791087031      0.138317063      0.104087263      0.224635020       1.71594303E-02  0.224634990      0.175038904       1.89081654E-02  0.175039232      0.889633298      0.846269310     k_32_38_9                                                                          1.42408651E-03   1.08469287E-02   3.20384093E-03   1.59973279E-04   1.73233985E-03   1.33729950E-02   4.39100573E-03   2.22862232E-04
   96.0000000       0.00000000      0.300000012       10.5419998       16.0741501       5.80000019      0.881640911       4.76201677       8.67433921E-02   7.02047721E-02  0.809338570       8.28109607E-02   5.94538711E-02  0.128148869       3.93242855E-03  0.128148854       9.99316201E-02   1.07508972E-02   9.99317765E-02  0.954665899      0.846863687     k_32_38_10                                                                         8.70156335E-04   6.34209579E-03   1.97506184E-03   1.06507447E-04   1.02390640E-03   7.50489999E-03   2.76824925E-03   1.54179055E-04
   96.0000000       0.00000000      0.330000013       10.5419998       16.1621475       5.80000019      0.862955451       4.91658449       5.11431769E-02   4.37380634E-02  0.855208158       4.92912643E-02   3.41847800E-02   7.57888108E-02   1.85191096E-03   7.57888108E-02   6.08303100E-02   9.55327787E-03   6.08305857E-02  0.963789642      0.781579614     k_32_38_11                                                                         5.79341722E-04   4.07390622E-03   1.32334395E-03   7.57598318E-05   6.46128843E-04   4.46870783E-03   1.83427951E-03   1.10839028E-04
   96.0000000       0.00000000      0.360000014       10.5419998       16.2605515       5.80000019      0.843310893       5.08627558       3.16775441E-02   2.77388357E-02  0.875662446       2.90384125E-02   1.85853709E-02   4.61967513E-02   2.63913465E-03   4.61967513E-02   3.70315090E-02   9.15346295E-03   3.70315351E-02  0.916687608      0.670012653     k_32_38_12                                                                         3.90325848E-04   2.64983298E-03   9.29948350E-04   5.67818061E-05   4.32910165E-04   2.80708214E-03   1.27226871E-03   8.26040050E-05
   96.0000000       0.00000000      0.389999986       10.5419998       16.3704453       5.80000019      0.822791338       5.27196503       2.04554610E-02   1.88323036E-02  0.920649171       1.68406144E-02   1.00293774E-02   2.88757700E-02   3.61484848E-03   2.88757738E-02   2.38469522E-02   8.80292710E-03   2.38470323E-02  0.823282063      0.532562435     k_32_38_13                                                                         2.73138052E-04   1.87364744E-03   6.83805381E-04   4.52531967E-05   3.05720198E-04   1.84649485E-03   9.18034406E-04   6.35042670E-05
   96.0000000       0.00000000      0.419999987       10.5419998       16.4930992       5.80000019      0.801484168       5.47461414       1.36475489E-02   1.25126792E-02  0.916844428       9.54359490E-03   4.56707086E-03   1.84193458E-02   4.10395442E-03   1.84193477E-02   1.47962058E-02   7.94560835E-03   1.47962207E-02  0.699290037      0.364995450     k_32_38_14                                                                         1.89259052E-04   1.28041091E-03   5.14577900E-04   3.60926497E-05   2.25587995E-04   1.26087572E-03   6.83772727E-04   5.00164460E-05
   96.0000000       0.00000000      0.449999988       10.5419998       16.6300583       5.80000019      0.779470146       5.69538021       9.32805706E-03   8.69698729E-03  0.932347119       5.22882491E-03   1.76681823E-03   1.19424686E-02   4.09923214E-03   1.19424714E-02   9.58036724E-03   6.93016965E-03   9.58042685E-03  0.560548127      0.203152910     k_32_38_15                                                                         1.41117009E-04   9.17259837E-04   4.05223196E-04   3.05261055E-05   1.72500877E-04   8.86504073E-04   5.21777489E-04   4.00862482E-05
   96.0000000       0.00000000      0.479999989       10.5419998       16.7831631       5.80000019      0.756832242       5.93554068       6.48038788E-03   5.98710729E-03  0.923880994       2.72075180E-03   4.29632550E-04   7.84076471E-03   3.75963678E-03   7.84076471E-03   6.20191824E-03   5.55747375E-03   6.20192755E-03  0.419843972       7.17596188E-02 k_32_38_16                                                                         1.07258442E-04   6.49156631E-04   3.20689840E-04   2.51124438E-05   1.35653318E-04   6.36982848E-04   4.05091501E-04   3.24832799E-05
   96.0000000       0.00000000      0.509999990       10.5419998       16.9546432       5.80000019      0.733649492       6.19657230       4.54648072E-03   4.20032674E-03  0.923863292       1.29783491E-03  -1.17616662E-04   5.19539788E-03   3.24864592E-03   5.19539788E-03   4.14150767E-03   4.31794347E-03   4.14153002E-03  0.285459250      -2.80017890E-02 k_32_38_17                                                                         8.26514224E-05   4.74469911E-04   2.54764396E-04   2.09563441E-05   1.09021887E-04   4.64953046E-04   3.18177918E-04   2.64759583E-05
   96.0000000       0.00000000      0.540000021       10.5419998       17.1472473       5.80000019      0.709996164       6.48019314       3.20428773E-03   2.93591060E-03  0.916244388       5.19098598E-04  -3.37517558E-04   3.46383732E-03   2.68518925E-03   3.46383732E-03   2.76714959E-03   3.27342842E-03   2.76715402E-03  0.162001237     -0.114961796     k_32_38_18                                                                         6.46123590E-05   3.47723602E-04   2.01711067E-04   1.73352746E-05   8.90948577E-05   3.43151740E-04   2.51715159E-04   2.16163608E-05
   96.0000000       0.00000000      0.569999993       10.5419998       17.3643456       5.80000019      0.685945213       6.78834867       2.25884444E-03   2.04013241E-03  0.903175235       1.16194227E-04  -3.92075483E-04   2.31694127E-03   2.14265008E-03   2.31694127E-03   1.84409483E-03   2.43220804E-03   1.84409460E-03   5.14396764E-02 -0.192181394     k_32_38_19                                                                         5.13039922E-05   2.54909974E-04   1.59275660E-04   1.41359342E-05   7.37339215E-05   2.55128369E-04   1.99868198E-04   1.76211033E-05
   96.0000000       0.00000000      0.600000024       10.5419998       17.6101761       5.80000019      0.661563039       7.12332153       1.58859720E-03   1.40350545E-03  0.883487284      -7.33419365E-05  -3.65355023E-04   1.55192602E-03   1.66193885E-03   1.55192614E-03   1.22082594E-03   1.76886062E-03   1.22083013E-03  -4.61677350E-02 -0.260316074     k_32_38_20                                                                         4.13469315E-05   1.86309699E-04   1.24893690E-04   1.13808346E-05   6.16548423E-05   1.90738792E-04   1.59010495E-04   1.43194411E-05
   96.0000000       0.00000000      0.629999995       10.5419998       17.8900642       5.80000019      0.636914968       7.48771191       1.11072359E-03   9.57326789E-04  0.861894727      -1.45817176E-04  -3.08533141E-04   1.03781489E-03   1.25654077E-03   1.03781500E-03   8.03059898E-04   1.26585993E-03   8.03060539E-04 -0.131281242     -0.322286129     k_32_38_21                                                                         3.37929087E-05   1.36102288E-04   9.74904979E-05   9.08962102E-06   5.19302339E-05   1.43025274E-04   1.26431536E-04   1.15721705E-05
   96.0000000       0.00000000      0.660000026       10.5419998       18.2108612       5.80000019      0.612060368       7.88456202       7.70994055E-04   6.47758367E-04  0.840160012      -1.57892937E-04  -2.45309144E-04   6.92047644E-04   9.28887050E-04   6.92047586E-04   5.25102369E-04   8.93067510E-04   5.25105221E-04 -0.204791382     -0.378704697     k_32_38_22                                                                         2.80585937E-05   9.95038208E-05   7.59066970E-05   7.20575190E-06   4.40210533E-05   1.07532214E-04   1.00434518E-04   9.29764064E-06
   96.0000000       0.00000000      0.689999998       10.5419998       18.5815163       5.80000019      0.587054491       8.31741905       5.29822544E-04   4.33825277E-04  0.818812430      -1.42031422E-04  -1.86470439E-04   4.58806870E-04   6.71854010E-04   4.58806870E-04   3.40589526E-04   6.20295817E-04   3.40590690E-04 -0.268073559     -0.429828435     k_32_38_23                                                                         2.36082797E-05   7.27516308E-05   5.89043266E-05   5.63788490E-06   3.74806841E-05   8.09394696E-05   7.95842352E-05   7.41520853E-06
   96.0000000       0.00000000      0.720000029       10.5419998       19.0139332       5.80000019      0.561948836       8.79043674       3.59917962E-04   2.87948060E-04  0.800038040      -1.15891293E-04  -1.37010138E-04   3.01972294E-04   4.75809240E-04   3.01972294E-04   2.19442823E-04   4.24958183E-04   2.19443114E-04 -0.321993649     -0.475815445     k_32_38_24                                                                         2.01148323E-05   5.33466446E-05   4.56593552E-05   4.39882388E-06   3.20394938E-05   6.09983217E-05   6.29054412E-05   5.87015893E-06
   96.0000000       0.00000000      0.750000000       10.5419998       19.5243416       5.80000019      0.536790848       9.30849457       2.41047586E-04   1.88768914E-04  0.783118844      -8.86007911E-05  -9.76305455E-05   1.96747220E-04   3.29648377E-04   1.96747220E-04   1.39952943E-04   2.86399445E-04   1.39954311E-04 -0.367565572     -0.517196119     k_32_38_25                                                                         1.73085809E-05   3.91973808E-05   3.53176911E-05   3.36354424E-06   2.74642298E-05   4.59919393E-05   4.95552340E-05   4.60824776E-06
   96.0000000       0.00000000      0.779999971       10.5419998       20.1354866       5.80000019      0.511623800       9.87738132       1.58905968E-04   1.22228084E-04  0.769185007      -6.43613967E-05  -6.76289710E-05   1.26725266E-04   2.23267343E-04   1.26725266E-04   8.84136971E-05   1.89857048E-04   8.84135079E-05 -0.405028194     -0.553301394     k_32_38_26                                                                         1.50287988E-05   2.88890878E-05   2.73083151E-05   2.60704201E-06   2.36179676E-05   3.47230853E-05   3.89354573E-05   3.58950274E-06
   96.0000000       0.00000000      0.810000002       10.5419998       20.8803749       5.80000019      0.486486554       10.5040121       1.02653685E-04   7.78657486E-05  0.758528531      -4.46949343E-05  -4.55859554E-05   8.03062139E-05   1.47348619E-04   8.03062139E-05   5.50726108E-05   1.23451697E-04   5.50729346E-05 -0.435395330     -0.585442960     k_32_38_27                                                                         1.31184861E-05   2.13861931E-05   2.10927792E-05   1.98136604E-06   2.03421332E-05   2.62153626E-05   3.04672849E-05   2.76972241E-06
   96.0000000       0.00000000      0.839999974       10.5419998       21.8089008       5.80000019      0.461415052       11.1966686       6.48236819E-05   4.86917670E-05  0.751141667      -2.97121296E-05  -2.96525832E-05   4.99676207E-05   9.45358188E-05   4.99676207E-05   3.38655082E-05   7.83443465E-05   3.38654390E-05 -0.458353013     -0.608985543     k_32_38_28                                                                         1.15202338E-05   1.59192787E-05   1.63029272E-05   1.50160395E-06   1.75746682E-05   1.98271155E-05   2.37834956E-05   2.12006580E-06
   96.0000000       0.00000000      0.870000005       10.5419998       23.0007038       5.80000019      0.436441243       11.9653931       3.97640906E-05   2.96834860E-05  0.746489763      -1.88561535E-05  -1.85683202E-05   3.03360102E-05   5.86202441E-05   3.03360175E-05   2.03994241E-05   4.82518080E-05   2.03992258E-05 -0.474200547     -0.625543773     k_32_38_29                                                                         1.01686874E-05   1.18937951E-05   1.26099858E-05   1.14206523E-06   1.52238754E-05   1.50175701E-05   1.85145018E-05   1.60867512E-06
   96.0000000       0.00000000      0.899999976       10.5419998       24.5920906       5.80000019      0.411594540       12.8224249       2.34697982E-05   1.74632187E-05  0.744071960      -1.13246815E-05  -1.10124447E-05   1.78074570E-05   3.47944842E-05   1.78074570E-05   1.19569013E-05   2.84756607E-05   1.19570923E-05 -0.482521474     -0.630607963     k_32_38_30                                                                         8.98626058E-06   8.92348362E-06   9.73680017E-06   8.59205556E-07   1.32153455E-05   1.13853412E-05   1.43649577E-05   1.20884306E-06
   96.0000000       0.00000000      0.930000007       10.5419998       26.8403034       5.80000019      0.386900723       13.7828827       1.31522993E-05   9.79501328E-06  0.744737685      -6.34620028E-06  -6.08006712E-06   9.97919869E-06   1.94985005E-05   9.97919869E-06   6.75494812E-06   1.58750809E-05   6.75501042E-06 -0.482516408     -0.620730877     k_32_38_31                                                                         7.98512792E-06   6.73714112E-06   7.53066661E-06   6.39971176E-07   1.15145276E-05   8.65241327E-06   1.11252857E-05   9.00496161E-07
   96.0000000       0.00000000      0.959999979       10.5419998       30.3060722       5.80000019      0.362382382       14.8656521       6.80945550E-06   5.12164615E-06  0.752137423      -3.22215851E-06  -3.14465728E-06   5.19837477E-06   1.00316129E-05   5.19837658E-06   3.54931035E-06   8.26630276E-06   3.54932490E-06 -0.473188877     -0.613993466     k_32_38_32                                                                         7.12986366E-06   5.14806743E-06   5.85360522E-06   4.76969490E-07   1.00766010E-05   6.59354555E-06   8.60475211E-06   6.64842446E-07
   96.0000000       0.00000000      0.990000010       10.5419998       36.5424767       5.80000019      0.338060081       16.0945663       3.06543893E-06   2.33523951E-06  0.761796117      -1.39108386E-06  -1.39599626E-06   2.36989717E-06   4.45652222E-06   2.36989672E-06   1.63725201E-06   3.73123589E-06   1.63723030E-06 -0.453795969     -0.597795725     k_32_38_33                                                                         6.40134658E-06   3.95887582E-06   4.57381157E-06   3.55100610E-07   8.88393606E-06   5.05114804E-06   6.66484721E-06   4.87443003E-07
   96.0000000       0.00000000       1.01999998       10.5419998       52.7364922       5.80000019      0.313951612       17.5002003       9.66480229E-07   7.48223215E-07  0.774173319      -4.08144075E-07  -4.25234020E-07   7.62408320E-07   1.37462428E-06   7.62408320E-07   5.35608137E-07   1.17345724E-06   5.35604272E-07 -0.422299445     -0.568325102     k_32_38_34                                                                         5.79502921E-06   3.06470065E-06   3.58137731E-06   2.62288381E-07   7.89772730E-06   3.89035677E-06   5.17224998E-06   3.54693725E-07
