 #! thr0[f,0]/ phr0[f,1]/ pr[f,2]/ ei[f,3]/ th_e[f,4]/ q2[f,5]/ x[f,6]/ plab[f,7]/ crs0[f,8]/ crs12[f,9]/  ratio[f,10]/ crs_ten0[f,11]/ crs_ten12[f,12]/  crs_pol0_-1[f,13]/ crs_pol0_0[f,14]/ crs_pol0_1[f,15]/ crs_pol12_-1[f,16]/ crs_pol12_0[f,17]/ crs_pol12_1[f,18]/ asym0[f,19]/ asym12[f,20]/ ID[s,21]/ w_l[f,22]/ w_t[f,23]/ w_lt[f,24]/ w_tt[f,25]/ w_l_pwia[f,26]/ w_t_pwia[f,27]/ w_lt_pwia[f,28]/ w_tt_pwia[f,29]/ 
   96.0000000       0.00000000       0.00000000       10.5419998       14.0976028       5.00000000      0.998660445       3.48114491       1419.61499       1387.53088      0.977399409      -1.06297731E-02  -5.23607254       1419.60986       1419.62573       1419.60986       1384.91284       1392.76685       1384.91284      -7.48778575E-06  -3.77366203E-03 k_32_30_0                                                                          10.0579977       92.1382141       4.38342540E-04  -1.90734863E-05   10.2964287       94.2647705       4.33680869E-19   0.00000000    
   96.0000000       0.00000000       2.99999993E-02   10.5419998       14.1101894       5.00000000      0.993458271       3.51006174       695.584778       673.672913      0.968498647       10.3639107       6.58102369       700.766785       685.220886       700.766785       676.963318       667.091858       676.963440       1.48995649E-02   9.76887066E-03 k_32_30_1                                                                          4.77090788       43.4081345       1.53397942       1.01871490E-02   4.93296480       44.8429871       1.56086135       1.02176666E-02
   96.0000000       0.00000000       5.99999987E-02   10.5419998       14.1272306       5.00000000      0.986522377       3.54906392       182.644241       172.248795      0.943083644       10.8487482       8.79804325       188.068634       171.795471       188.068573       176.647812       163.450729       176.647781       5.93982488E-02   5.10775298E-02 k_32_30_2                                                                          1.19944143       10.7985525      0.776205540       1.02005005E-02   1.27595997       11.4730453      0.801878512       1.04589462E-02
   96.0000000       0.00000000       9.00000036E-02   10.5419998       14.1487303       5.00000000      0.977944434       3.59802604       51.7147980       46.5972061      0.901042044       6.86348248       5.68005562       55.1465378       44.8513107       55.1465302       49.4372253       40.9171486       49.4372368      0.132717967      0.121896915     k_32_30_3                                                                         0.320858419       2.84720182      0.315053016       6.21473789E-03  0.358581275       3.17640591      0.334656805       6.51669502E-03
   96.0000000       0.00000000      0.119999997       10.5419998       14.1749010       5.00000000      0.967752934       3.65727067       17.2739162       14.6761284      0.849612117       4.02444696       3.29752350       19.2861385       13.2494698       19.2861385       16.3248863       11.3786049       16.3248940      0.232978255      0.224686205     k_32_30_4                                                                         0.100582883      0.875406265      0.133147493       3.50838900E-03  0.119792573       1.04108560      0.147109002       3.79788876E-03
   96.0000000       0.00000000      0.150000006       10.5419998       14.2059431       5.00000000      0.956006467       3.72704434       6.60667610       5.39702511      0.816904724       2.35470963       1.92431760       7.78403139       4.25196695       7.78403139       6.35918188       3.47270823       6.35918665      0.356413662      0.356551528     k_32_30_5                                                                          3.72735113E-02  0.315978229       6.07581176E-02   1.99009478E-03   4.61844057E-02  0.392080814       6.97250962E-02   2.23514438E-03
   96.0000000       0.00000000      0.180000007       10.5419998       14.2420969       5.00000000      0.942773342       3.80763555       2.80298781       2.14185953      0.764134467       1.39157629       1.10233414       3.49877572       1.41141140       3.49877524       2.69302559       1.03952527       2.69302750      0.496461779      0.514662206     k_32_30_6                                                                          1.51337897E-02  0.123206243       2.90278997E-02   1.13407895E-03   1.99122485E-02  0.164375365       3.53484489E-02   1.34939700E-03
   96.0000000       0.00000000      0.209999993       10.5419998       14.2836542       5.00000000      0.928125978       3.89940071       1.29189026      0.959784508      0.742930353      0.830162287      0.645107388       1.70697129      0.461727887       1.70697129       1.28233659      0.314677060       1.28233969      0.642595053      0.672137737     k_32_30_7                                                                          7.00321700E-03   5.50027266E-02   1.47814145E-02   6.65562227E-04   9.40485857E-03   7.51277357E-02   1.90104265E-02   8.39281827E-04
   96.0000000       0.00000000      0.239999995       10.5419998       14.3309393       5.00000000      0.912151456       4.00269938      0.639022112      0.468064219      0.732469499      0.498289287      0.376305461      0.888166726      0.140732735      0.888166726      0.656216681       9.17587578E-02  0.656217158      0.779768467      0.803961158     k_32_30_8                                                                          3.58678983E-03   2.69883946E-02   7.95179233E-03   4.01549973E-04   4.80899634E-03   3.69829237E-02   1.07956147E-02   5.39362431E-04
   96.0000000       0.00000000      0.270000011       10.5419998       14.3843508       5.00000000      0.894934475       4.11799574      0.336962342      0.265371531      0.787540615      0.299772888      0.226918861      0.486848801       3.71894278E-02  0.486848801      0.378830612       3.84526551E-02  0.378831327      0.889633179      0.855098724     k_32_30_9                                                                          2.17552879E-03   1.56987906E-02   4.73694829E-03   2.57984735E-04   2.64528138E-03   1.94786452E-02   6.46169297E-03   3.59192491E-04
   96.0000000       0.00000000      0.300000012       10.5419998       14.4443455       5.00000000      0.876568556       4.24579477      0.188628078      0.152719438      0.809632599      0.180076808      0.130078509      0.278666526       8.55127629E-03  0.278666526      0.217758462       2.26409230E-02  0.217758894      0.954665959      0.851748228     k_32_30_10                                                                         1.31903612E-03   9.27805807E-03   2.90529127E-03   1.70771964E-04   1.55937031E-03   1.09318979E-02   4.07310156E-03   2.48492695E-04
   96.0000000       0.00000000      0.330000013       10.5419998       14.5114727       5.00000000      0.857144475       4.38670826      0.111606747       9.65900943E-02  0.865450323      0.107565425       7.58299902E-02  0.165389463       4.04131692E-03  0.165389463      0.134505302       2.07601078E-02  0.134504870      0.963789642      0.785070062     k_32_30_11                                                                         8.88494658E-04   6.04275754E-03   1.96477119E-03   1.23168807E-04   9.81180463E-04   6.50978461E-03   2.69857189E-03   1.78642804E-04
   96.0000000       0.00000000      0.360000014       10.5419998       14.5863523       5.00000000      0.836762786       4.54137468       6.93872869E-02   6.12840541E-02  0.883217335       6.36064634E-02   4.13263254E-02  0.101190515       5.78082632E-03  0.101190515       8.19471106E-02   1.99577305E-02   8.19473192E-02  0.916687548      0.674340606     k_32_30_12                                                                         5.96502621E-04   3.92729137E-03   1.37062953E-03   9.18499427E-05   6.55346201E-04   4.08961996E-03   1.87155453E-03   1.33133959E-04
   96.0000000       0.00000000      0.389999986       10.5419998       14.6697474       5.00000000      0.815514743       4.71059942       4.49859872E-02   4.16132137E-02  0.925026119       3.70361544E-02   2.27650758E-02   6.35040626E-02   7.94983469E-03   6.35040700E-02   5.29956296E-02   1.88481323E-02   5.29958718E-02  0.823282003      0.547063649     k_32_30_13                                                                         4.26889310E-04   2.73452047E-03   1.03317678E-03   7.34963687E-05   4.61280812E-04   2.69051897E-03   1.35037070E-03   1.02351187E-04
   96.0000000       0.00000000      0.419999987       10.5419998       14.7625408       5.00000000      0.793494225       4.89527607       3.01431157E-02   2.83755418E-02  0.941360593       2.10787840E-02   1.15679223E-02   4.06825133E-02   9.06433817E-03   4.06825133E-02   3.41594741E-02   1.68076176E-02   3.41595262E-02  0.699290156      0.407672286     k_32_30_14                                                                         3.02847475E-04   1.92317599E-03   7.81578419E-04   5.95611054E-05   3.39211372E-04   1.83754414E-03   1.00575574E-03   8.06133612E-05
   96.0000000       0.00000000      0.449999988       10.5419998       14.8657789       5.00000000      0.770795226       5.09640551       2.06985790E-02   1.95387546E-02  0.943965971       1.16025498E-02   5.07164327E-03   2.64998507E-02   9.09602642E-03   2.64998488E-02   2.20745467E-02   1.44671099E-02   2.20745988E-02  0.560548127      0.259568393     k_32_30_15                                                                         2.19533860E-04   1.36394869E-03   6.03679975E-04   4.96229623E-05   2.58481363E-04   1.29223522E-03   7.67485180E-04   6.46080007E-05
   96.0000000       0.00000000      0.479999989       10.5419998       14.9807177       5.00000000      0.747506261       5.31516409       1.44524807E-02   1.34488801E-02  0.930558562       6.06778590E-03   1.41891837E-03   1.74863748E-02   8.38469528E-03   1.74863748E-02   1.41583020E-02   1.20299617E-02   1.41583746E-02  0.419843912      0.105504572     k_32_30_16                                                                         1.62325916E-04   9.62702907E-04   4.73984575E-04   4.11836663E-05   2.02559459E-04   9.28769121E-04   5.95889171E-04   5.23542985E-05
   96.0000000       0.00000000      0.509999990       10.5419998       15.1088753       5.00000000      0.723711073       5.55291033       1.01954918E-02   9.40061733E-03  0.922036648       2.91039539E-03  -1.60426513E-04   1.16506917E-02   7.28509622E-03   1.16506889E-02   9.32036527E-03   9.56104416E-03   9.32044443E-03  0.285459042      -1.70655288E-02 k_32_30_17                                                                         1.24311337E-04   6.95007620E-04   3.75904347E-04   3.38328246E-05   1.62235723E-04   6.78161159E-04   4.68096754E-04   4.26719489E-05
   96.0000000       0.00000000      0.540000021       10.5419998       15.2520666       5.00000000      0.699493468       5.81116486       7.22926436E-03   6.58878963E-03  0.911405265       1.17114990E-03  -7.10941094E-04   7.81483855E-03   6.05811412E-03   7.81484041E-03   6.23331917E-03   7.29973009E-03   6.23331778E-03  0.162001252     -0.107901625     k_32_30_18                                                                         9.68199383E-05   5.07485995E-04   2.97182414E-04   2.78651278E-05   1.32145273E-04   5.00704162E-04   3.70388268E-04   3.48396570E-05
   96.0000000       0.00000000      0.569999993       10.5419998       15.4125204       5.00000000      0.674929321       6.09171963       5.13045629E-03   4.60091978E-03  0.896785676       2.63908907E-04  -8.48556461E-04   5.26241073E-03   4.86654695E-03   5.26240980E-03   4.17663949E-03   5.44947619E-03   4.17664414E-03   5.14396578E-02 -0.184431925     k_32_30_19                                                                         7.64957294E-05   3.71753471E-04   2.34231469E-04   2.25951662E-05   1.09021996E-04   3.72440380E-04   2.94176658E-04   2.84003036E-05
   96.0000000       0.00000000      0.600000024       10.5419998       15.5929699       5.00000000      0.650092363       6.39660645       3.63512547E-03   3.19176354E-03  0.878033936      -1.67825812E-04  -8.07800214E-04   3.55121214E-03   3.80295096E-03   3.55121191E-03   2.78786430E-03   3.99956433E-03   2.78786314E-03  -4.61678170E-02 -0.253088981     k_32_30_20                                                                         6.14821984E-05   2.71982281E-04   1.83966244E-04   1.83509110E-05   9.08995571E-05   2.78593216E-04   2.34121559E-04   2.30789447E-05
   96.0000000       0.00000000      0.629999995       10.5419998       15.7968426       5.00000000      0.625047922       6.72822762       2.56293244E-03   2.19613127E-03  0.856882215      -3.36465135E-04  -6.92228496E-04   2.39469972E-03   2.89939786E-03   2.39470019E-03   1.85001281E-03   2.88835983E-03   1.85002119E-03 -0.131281316     -0.315203607     k_32_30_21                                                                         5.00979622E-05   1.98862297E-04   1.43750440E-04   1.46824750E-05   7.63631615E-05   2.09032500E-04   1.86236124E-04   1.86511315E-05
   96.0000000       0.00000000      0.660000026       10.5419998       16.0284290       5.00000000      0.599859715       7.08932877       1.79587945E-03   1.49924494E-03  0.834824920      -3.67780536E-04  -5.57272579E-04   1.61198911E-03   2.16365978E-03   1.61198899E-03   1.22060697E-03   2.05651764E-03   1.22061034E-03 -0.204791322     -0.371702164     k_32_30_22                                                                         4.14385613E-05   1.45423648E-04   1.11948611E-04   1.16084266E-05   6.45841792E-05   1.57269737E-04   1.48022780E-04   1.49852131E-05
   96.0000000       0.00000000      0.689999998       10.5419998       16.2932243       5.00000000      0.574584961       7.48313236       1.24745828E-03   1.01598795E-03  0.814446449      -3.34410812E-04  -4.29572741E-04   1.08025270E-03   1.58186897E-03   1.08025281E-03   8.01202725E-04   1.44556060E-03   8.01200280E-04 -0.268073738     -0.422812819     k_32_30_23                                                                         3.47832065E-05   1.06510801E-04   8.70360600E-05   9.10054223E-06   5.48807002E-05   1.18471071E-04   1.17370801E-04   1.19512843E-05
   96.0000000       0.00000000      0.720000029       10.5419998       16.5983620       5.00000000      0.549277306       7.91339540       8.57975683E-04   6.83058868E-04  0.796128452      -2.76262785E-04  -3.20038642E-04   7.19844305E-04   1.13423856E-03   7.19844305E-04   5.23037335E-04   1.00309763E-03   5.23041701E-04 -0.321993709     -0.468537420     k_32_30_24                                                                         2.95597438E-05   7.82049246E-05   6.75574556E-05   7.10291351E-06   4.68370272E-05   8.93615652E-05   9.28451263E-05   9.46104774E-06
   96.0000000       0.00000000      0.750000000       10.5419998       16.9532986       5.00000000      0.523983955       8.38457012       5.82965615E-04   4.54511726E-04  0.779654443      -2.14278087E-04  -2.31777056E-04   4.75826528E-04   7.97243731E-04   4.75826528E-04   3.38622107E-04   6.86288811E-04   3.38624290E-04 -0.367565572     -0.509947360     k_32_30_25                                                                         2.53812395E-05   5.74987062E-05   5.23426643E-05   5.49606011E-06   4.00970275E-05   6.74428156E-05   7.32077897E-05   7.42720658E-06
   96.0000000       0.00000000      0.779999971       10.5419998       17.3708344       5.00000000      0.498748481       8.90191555       3.90928588E-04   2.99795036E-04  0.766879261      -1.58337120E-04  -1.63691948E-04   3.11760028E-04   5.49265766E-04   3.11760028E-04   2.17948545E-04   4.63486998E-04   2.17949579E-04 -0.405028254     -0.546012878     k_32_30_26                                                                         2.20305974E-05   4.25107428E-05   4.05846440E-05   4.21904224E-06   3.44490436E-05   5.09720012E-05   5.75802515E-05   5.78527397E-06
   96.0000000       0.00000000      0.810000002       10.5419998       17.8687515       5.00000000      0.473610491       9.47169495       2.57793756E-04   1.95101995E-04  0.756814301      -1.12242196E-04  -1.12444744E-04   2.01672650E-04   3.70035967E-04   2.01672650E-04   1.38878953E-04   3.07546696E-04   1.38880248E-04 -0.435395330     -0.576338232     k_32_30_27                                                                         1.92104089E-05   3.15209982E-05   3.14178506E-05   3.22715459E-06   2.96526996E-05   3.85269996E-05   4.51119195E-05   4.46403646E-06
   96.0000000       0.00000000      0.839999974       10.5419998       18.4726086       5.00000000      0.448604643       10.1014433       1.66975733E-04   1.25284467E-04  0.750315428      -7.65338191E-05  -7.51166954E-05   1.28708823E-04   2.43509552E-04   1.28708823E-04   8.77260027E-05   2.00401206E-04   8.77262719E-05 -0.458352953     -0.599569082     k_32_30_28                                                                         1.68820188E-05   2.35145617E-05   2.43581853E-05   2.45671436E-06   2.56107069E-05   2.91738706E-05   3.52641509E-05   3.41694431E-06
   96.0000000       0.00000000      0.870000005       10.5419998       19.2205658       5.00000000      0.423761964       10.8002892       1.05786232E-04   7.90065242E-05  0.746850729      -5.01638860E-05  -4.85817727E-05   8.07042888E-05   1.55950111E-04   8.07042961E-05   5.47159943E-05   1.27588297E-04   5.47152449E-05 -0.474200517     -0.614908338     k_32_30_29                                                                         1.49101688E-05   1.76335489E-05   1.89014827E-05   1.85991757E-06   2.21852188E-05   2.21256414E-05   2.74952490E-05   2.59274748E-06
   96.0000000       0.00000000      0.899999976       10.5419998       20.1724548       5.00000000      0.399111152       11.5793314       6.51652808E-05   4.85335404E-05  0.744776070      -3.14436475E-05  -2.99742442E-05   4.94434607E-05   9.66089283E-05   4.94434498E-05   3.35463919E-05   7.85077864E-05   3.35464356E-05 -0.482521474     -0.617598534     k_32_30_30                                                                         1.32157566E-05   1.32523983E-05   1.46493840E-05   1.39360964E-06   1.92637399E-05   1.67968483E-05   2.13710355E-05   1.94832910E-06
   96.0000000       0.00000000      0.930000007       10.5419998       21.4285450       5.00000000      0.374675512       12.4523420       3.87784494E-05   2.89658165E-05  0.746956527      -1.87112400E-05  -1.76981393E-05   2.94228284E-05   5.74896840E-05   2.94228284E-05   2.01167713E-05   4.66639503E-05   2.01167131E-05 -0.482516468     -0.611000896     k_32_30_31                                                                         1.17569443E-05   1.00462148E-05   1.13809392E-05   1.04559285E-06   1.67935668E-05   1.27827370E-05   1.65845922E-05   1.45134891E-06
   96.0000000       0.00000000      0.959999979       10.5419998       23.1720066       5.00000000      0.350476563       13.4364510       2.20182646E-05   1.65736601E-05  0.752723277      -1.04188002E-05  -1.00513953E-05   1.68088682E-05   3.24370667E-05   1.68088663E-05   1.15478842E-05   2.66250554E-05   1.15480425E-05 -0.473188996     -0.606468022     k_32_30_32                                                                         1.04971505E-05   7.67329038E-06   8.87218812E-06   7.80338041E-07   1.47081037E-05   9.75506555E-06   1.28563915E-05   1.07154847E-06
   96.0000000       0.00000000      0.990000010       10.5419998       25.7828045       5.00000000      0.326532900       14.5533218       1.16901429E-05   8.90941919E-06  0.762130916      -5.30493935E-06  -5.24781126E-06   9.03767250E-06   1.69950836E-05   9.03767250E-06   6.28548332E-06   1.41572300E-05   6.28554153E-06 -0.453795940     -0.589018345     k_32_30_33                                                                         9.43645773E-06   5.92135348E-06   6.94848995E-06   5.79968400E-07   1.29803129E-05   7.48389994E-06   9.98331416E-06   7.85621751E-07
   96.0000000       0.00000000       1.01999998       10.5419998       30.2256508       5.00000000      0.302859992       15.8307438       5.53074597E-06   4.27371469E-06  0.772719383      -2.33563037E-06  -2.39013229E-06   4.36293112E-06   7.86637702E-06   4.36293112E-06   3.07861387E-06   6.66384722E-06   3.07868390E-06 -0.422299325     -0.559263408     k_32_30_34                                                                         8.55576309E-06   4.59388048E-06   5.46246929E-06   4.28922931E-07   1.15535422E-05   5.77255287E-06   7.76986508E-06   5.71668124E-07
   96.0000000       0.00000000       1.04999995       10.5419998       40.1142120       5.00000000      0.279471785       17.3048744       2.03013201E-06   1.59548938E-06  0.785904229      -7.65871334E-07  -8.21704418E-07   1.64719677E-06   2.79600363E-06   1.64719677E-06   1.18464868E-06   2.41719408E-06   1.18462594E-06 -0.377251983     -0.515017152     k_32_30_35                                                                         7.85136399E-06   3.59803653E-06   4.33151308E-06   3.16934916E-07   1.04115015E-05   4.48901210E-06   6.08151004E-06   4.13702992E-07
   96.0000000       0.00000000       1.08000004       10.5419998       125.995010       5.00000000      0.256378919       19.0238132       1.77723592E-07   1.42928329E-07  0.804216981      -5.58643372E-08  -6.51913510E-08   1.49791447E-07   2.33587912E-07   1.49791447E-07   1.10332721E-07   2.08119673E-07   1.10332600E-07 -0.314332694     -0.456112176     k_32_30_36                                                                         7.24569463E-06   2.82453584E-06   3.44158821E-06   2.32136586E-07   9.46253931E-06   3.50091796E-06   4.76590867E-06   2.95910127E-07
