 #! thr0[f,0]/ phr0[f,1]/ pr[f,2]/ ei[f,3]/ th_e[f,4]/ q2[f,5]/ x[f,6]/ plab[f,7]/ crs0[f,8]/ crs12[f,9]/  ratio[f,10]/ crs_ten0[f,11]/ crs_ten12[f,12]/  crs_pol0_-1[f,13]/ crs_pol0_0[f,14]/ crs_pol0_1[f,15]/ crs_pol12_-1[f,16]/ crs_pol12_0[f,17]/ crs_pol12_1[f,18]/ asym0[f,19]/ asym12[f,20]/ ID[s,21]/ w_l[f,22]/ w_t[f,23]/ w_lt[f,24]/ w_tt[f,25]/ w_l_pwia[f,26]/ w_t_pwia[f,27]/ w_lt_pwia[f,28]/ w_tt_pwia[f,29]/ 
   96.0000000       0.00000000       0.00000000       10.5419998       15.0479431       5.50000000      0.998692155       3.75668454       881.254822       861.929321      0.978070498      -6.61905017E-03  -3.20663834       881.251587       881.261475       881.251587       860.326050       865.136047       860.326050      -7.51093785E-06  -3.72030307E-03 k_32_35_0                                                                          7.61654949       72.4955139       1.87879676E-04   3.05175781E-05   7.79113770       74.1184769      -5.88589711E-32   0.00000000    
   96.0000000       0.00000000       2.99999993E-02   10.5419998       15.0629206       5.50000000      0.993602395       3.78765130       431.019379       417.867645      0.969486892       6.42203379       4.11970520       434.230438       424.597382       434.230469       419.927460       413.747925       419.927490       1.48996403E-02   9.85887554E-03 k_32_35_1                                                                          3.61473560       34.1669006       1.19772303       7.42912292E-03   3.73334002       35.2591476       1.21809983       7.53593445E-03
   96.0000000       0.00000000       5.99999987E-02   10.5419998       15.0831242       5.50000000      0.986841619       3.82925701       112.974113       106.552589      0.943159342       6.71047115       5.44389534       116.329330       106.263641       116.329346       109.274529       101.108681       109.274521       5.93983084E-02   5.10911606E-02 k_32_35_2                                                                         0.908315897       8.49193478      0.605821550       7.51399994E-03  0.965978861       9.02105618      0.625830352       7.70950317E-03
   96.0000000       0.00000000       9.00000036E-02   10.5419998       15.1085634       5.50000000      0.978496015       3.88137197       31.9315147       28.8352718      0.903034866       4.23788691       3.51355219       34.0504532       27.6936245       34.0504532       30.5920467       25.3217201       30.5920506      0.132717997      0.121849112     k_32_35_3                                                                         0.243725598       2.24427128      0.246239245       4.57954407E-03  0.271597922       2.49756074      0.261204839       4.80365753E-03
   96.0000000       0.00000000      0.119999997       10.5419998       15.1394949       5.50000000      0.968592525       3.94432831       10.6470079       9.05495262      0.850469232       2.48052144       2.03277040       11.8872690       8.16648579       11.8872690       10.0713358       7.02218103       10.0713377      0.232978269      0.224492654     k_32_35_4                                                                          7.64271840E-02  0.689264596      0.104010582       2.58374214E-03   9.07916799E-02  0.818590820      0.114830494       2.79939175E-03
   96.0000000       0.00000000      0.150000006       10.5419998       15.1761713       5.50000000      0.957181454       4.01841593       4.06486702       3.24460649      0.798207283       1.44877398       1.16468966       4.78925419       2.61609316       4.78925419       3.82694983       2.07991624       3.82695246      0.356413633      0.358961761     k_32_35_5                                                                          2.76272334E-02  0.242193252       4.69515435E-02   1.45788491E-03   3.50319780E-02  0.308287799       5.44311702E-02   1.64756179E-03
   96.0000000       0.00000000      0.180000007       10.5419998       15.2188978       5.50000000      0.944322407       4.10396290       1.72146380       1.29944336      0.754847944      0.854641140      0.672051013       2.14878440      0.866822720       2.14878440       1.63546848      0.627392352       1.63546908      0.496461868      0.517183781     k_32_35_6                                                                          1.13035599E-02   9.56697762E-02   2.25076973E-02   8.37408006E-04   1.51187498E-02  0.129245907       2.75976397E-02   9.94607806E-04
   96.0000000       0.00000000      0.209999993       10.5419998       15.2680321       5.50000000      0.930083454       4.20134258      0.791949213      0.627290785      0.792084634      0.508902669      0.407570094       1.04640067      0.283046544       1.04640055      0.831075609      0.219720706      0.831076086      0.642595053      0.649730742     k_32_35_7                                                                          5.70055097E-03   4.66383919E-02   1.18641239E-02   4.98952344E-04   7.14913523E-03   5.90715930E-02   1.48435757E-02   6.18642196E-04
   96.0000000       0.00000000      0.239999995       10.5419998       15.3239517       5.50000000      0.914550304       4.31090212      0.390984595      0.274104476      0.701062083      0.304877460      0.224611521      0.543423355       8.61070827E-02  0.543423355      0.386409730       4.94929403E-02  0.386410713      0.779768467      0.819437623     k_32_35_8                                                                          2.61840643E-03   2.01378390E-02   6.09346898E-03   2.93959863E-04   3.66051914E-03   2.90785506E-02   8.43018387E-03   3.97553667E-04
   96.0000000       0.00000000      0.270000011       10.5419998       15.3871765       5.50000000      0.897793949       4.43319225      0.205761820      0.158813372      0.771831095      0.183052540      0.136450797      0.297288060       2.27092523E-02  0.297288060      0.227038190       2.23625842E-02  0.227039352      0.889633179      0.859189570     k_32_35_9                                                                          1.62464357E-03   1.20421201E-02   3.66337341E-03   1.90134626E-04   2.01663352E-03   1.53151127E-02   5.04636392E-03   2.64756382E-04
   96.0000000       0.00000000      0.300000012       10.5419998       15.4582634       5.50000000      0.879903197       4.56873322      0.114944890       9.43036079E-02  0.820424557      0.109733962       7.97874480E-02  0.169811860       5.21091837E-03  0.169811860      0.134196624       1.45161469E-02  0.134198040      0.954665840      0.846069932     k_32_35_10                                                                         1.03348074E-03   7.37102330E-03   2.29769666E-03   1.27146253E-04   1.19082816E-03   8.59489944E-03   3.18124099E-03   1.83162279E-04
   96.0000000       0.00000000      0.330000013       10.5419998       15.5379019       5.50000000      0.860961437       4.71818733       6.78620860E-02   5.81409149E-02  0.856751084       6.54047728E-02   4.54165451E-02  0.100564472       2.45730812E-03  0.100564465       8.08491334E-02   1.27243679E-02   8.08492526E-02  0.963789582      0.781146049     k_32_35_11                                                                         6.71599468E-04   4.68468200E-03   1.52296224E-03   9.00749583E-05   7.50696519E-04   5.11788111E-03   2.10785354E-03   1.31675974E-04
   96.0000000       0.00000000      0.360000014       10.5419998       15.6268663       5.50000000      0.841061890       4.88224363       4.20932248E-02   3.76168825E-02  0.893656492       3.85863334E-02   2.53714714E-02   6.13863841E-02   3.50689073E-03   6.13863915E-02   5.03026135E-02   1.22454129E-02   5.03026173E-02  0.916687489      0.674470365     k_32_35_12                                                                         4.63010481E-04   3.11473152E-03   1.07966817E-03   6.89297449E-05   5.02417563E-04   3.21496604E-03   1.46196689E-03   9.81319463E-05
   96.0000000       0.00000000      0.389999986       10.5419998       15.7261095       5.50000000      0.820291042       5.06174755       2.72231344E-02   2.51040291E-02  0.922157943       2.24123169E-02   1.35079641E-02   3.84292938E-02   4.81081754E-03   3.84292938E-02   3.18577290E-02   1.15960650E-02   3.18582952E-02  0.823282003      0.538079500     k_32_35_13                                                                         3.23089189E-04   2.14451202E-03   7.95386964E-04   5.37005253E-05   3.54395364E-04   2.11489340E-03   1.05488987E-03   7.54417852E-05
   96.0000000       0.00000000      0.419999987       10.5419998       15.8367329       5.50000000      0.798738420       5.25763655       1.81929786E-02   1.70143247E-02  0.935213804       1.27221663E-02   6.63205236E-03   2.45540626E-02   5.47081092E-03   2.45540626E-02   2.03303080E-02   1.03822714E-02   2.03303955E-02  0.699289918      0.389792264     k_32_35_14                                                                         2.25215248E-04   1.50481728E-03   5.98916959E-04   4.30627842E-05   2.61192094E-04   1.44423661E-03   7.85698940E-04   5.94187877E-05
   96.0000000       0.00000000      0.449999988       10.5419998       15.9600983       5.50000000      0.776485801       5.47104120       1.24570774E-02   1.16022658E-02  0.931379437       6.98279124E-03   2.67339940E-03   1.59484744E-02   5.47428522E-03   1.59484744E-02   1.29389344E-02   8.92886799E-03   1.29389996E-02  0.560548127      0.230420455     k_32_35_15                                                                         1.64871482E-04   1.05152512E-03   4.66112338E-04   3.61779821E-05   1.99481830E-04   1.01549341E-03   5.99556894E-04   4.76216082E-05
   96.0000000       0.00000000      0.479999989       10.5419998       16.0977726       5.50000000      0.753621995       5.70316458       8.67109466E-03   8.02660733E-03  0.925674081       3.64050525E-03   6.16545323E-04   1.04913469E-02   5.03058825E-03   1.04913469E-02   8.33487790E-03   7.41006155E-03   8.33488442E-03  0.419843793       7.68126920E-02 k_32_35_16                                                                         1.24344326E-04   7.47553189E-04   3.69198970E-04   2.99488020E-05   1.56679685E-04   7.29731400E-04   4.65487421E-04   3.85896419E-05
   96.0000000       0.00000000      0.509999990       10.5419998       16.2517033       5.50000000      0.730225921       5.95545721       6.09643105E-03   5.62517671E-03  0.922699988       1.74028229E-03  -1.38824384E-04   6.96657179E-03   4.35614912E-03   6.96657319E-03   5.55582857E-03   5.76400151E-03   5.55570191E-03  0.285459191      -2.46791150E-02 k_32_35_17                                                                         9.56959120E-05   5.44077833E-04   2.93005200E-04   2.49390432E-05   1.25769788E-04   5.32711390E-04   3.65631655E-04   3.14530625E-05
   96.0000000       0.00000000      0.540000021       10.5419998       16.4242382       5.50000000      0.706374884       6.22956610       4.30676294E-03   3.93868936E-03  0.914535880       6.97701063E-04  -4.45117534E-04   4.65561356E-03   3.60906194E-03   4.65561356E-03   3.71612841E-03   4.38380754E-03   3.71613377E-03  0.162001267     -0.113011584     k_32_35_18                                                                         7.47123195E-05   3.98540840E-04   2.31928439E-04   2.05941906E-05   1.02663136E-04   3.93209746E-04   2.89274933E-04   2.56797939E-05
   96.0000000       0.00000000      0.569999993       10.5419998       16.6182613       5.50000000      0.682144105       6.52736473       3.04395589E-03   2.74250866E-03  0.900968611       1.56580136E-04  -5.20428584E-04   3.12224613E-03   2.88737589E-03   3.12224613E-03   2.48229061E-03   3.26293707E-03   2.48229783E-03   5.14396876E-02 -0.189763695     k_32_35_19                                                                         5.92167926E-05   2.92068347E-04   1.83042110E-04   1.67895487E-05   8.48710115E-05   2.92391516E-04   2.29713594E-04   2.09335267E-05
   96.0000000       0.00000000      0.600000024       10.5419998       16.8373661       5.50000000      0.657602191       6.85104609       2.14698585E-03   1.89212686E-03  0.881294549      -9.91213601E-05  -4.87776968E-04   2.09742552E-03   2.24610744E-03   2.09742528E-03   1.64823513E-03   2.37990380E-03   1.64824177E-03  -4.61676829E-02 -0.257792950     k_32_35_20                                                                         4.76745736E-05   2.13543448E-04   1.43550133E-04   1.34691145E-05   7.08963489E-05   2.18636342E-04   1.82777003E-04   1.70112471E-05
   96.0000000       0.00000000      0.629999995       10.5419998       17.0860558       5.50000000      0.632814348       7.20313692       1.50605419E-03   1.29507727E-03  0.859914124      -1.97716741E-04  -4.14048234E-04   1.40719570E-03   1.70377083E-03   1.40719581E-03   1.08805334E-03   1.70912570E-03   1.08805322E-03 -0.131281286     -0.319709301     k_32_35_21                                                                         3.89194938E-05   1.56028473E-04   1.12101072E-04   1.08036475E-05   5.96600694E-05   1.63977908E-04   1.45351078E-04   1.37475363E-05
   96.0000000       0.00000000      0.660000026       10.5419998       17.3700867       5.50000000      0.607840955       7.58657646       1.04928424E-03   8.79426196E-04  0.838120103      -2.14884392E-04  -3.30876996E-04   9.41841863E-04   1.26416842E-03   9.41841863E-04   7.13988207E-04   1.21030316E-03   7.13986985E-04 -0.204791397     -0.376241922     k_32_35_22                                                                         3.22804590E-05   1.14079128E-04   8.72989258E-05   8.56244515E-06   5.05332500E-05   1.23314079E-04   1.15485804E-04   1.10454166E-05
   96.0000000       0.00000000      0.689999998       10.5419998       17.6968880       5.50000000      0.582738340       8.00478745       7.24121754E-04   5.91650140E-04  0.817058921      -1.94117980E-04  -2.52994098E-04   6.27062807E-04   9.18239763E-04   6.27062807E-04   4.65153891E-04   8.44644266E-04   4.65152261E-04 -0.268073678     -0.427607596     k_32_35_23                                                                         2.71446352E-05   8.34503444E-05   6.77913849E-05   6.69844667E-06   4.29959364E-05   9.28429799E-05   9.15319179E-05   8.80913649E-06
   96.0000000       0.00000000      0.720000029       10.5419998       18.0762596       5.50000000      0.557559192       8.46176624       4.94326116E-04   3.94725706E-04  0.798512757      -1.59169897E-04  -1.86938196E-04   4.14741109E-04   6.53496012E-04   4.14741196E-04   3.01254826E-04   5.81663917E-04   3.01258377E-04 -0.321993709     -0.473590136     k_32_35_24                                                                         2.31063332E-05   6.12276199E-05   5.25743599E-05   5.22815390E-06   3.67333887E-05   6.99898083E-05   7.23690464E-05   6.97364885E-06
   96.0000000       0.00000000      0.750000000       10.5419998       18.5214062       5.50000000      0.532350779       8.96223640       3.32972006E-04   2.60253990E-04  0.781609237      -1.22389043E-04  -1.33986949E-04   2.71777535E-04   4.55361092E-04   2.71777564E-04   1.93260319E-04   3.94240953E-04   1.93260756E-04 -0.367565572     -0.514831483     k_32_35_25                                                                         1.98714588E-05   4.49765066E-05   4.06903091E-05   4.02526348E-06   3.14737226E-05   5.27885277E-05   5.70286356E-05   5.47451964E-06
   96.0000000       0.00000000      0.779999971       10.5419998       19.0505905       5.50000000      0.507156074       9.51179695       2.21011433E-04   1.69764302E-04  0.768124521      -8.95158664E-05  -9.35612625E-05   1.76253496E-04   3.10527277E-04   1.76253467E-04   1.22983693E-04   2.63325550E-04   1.22983649E-04 -0.405028224     -0.551124454     k_32_35_26                                                                         1.72398341E-05   3.31977099E-05   3.14869321E-05   3.10281484E-06   2.70570308E-05   3.98685297E-05   4.48239152E-05   4.26426413E-06
   96.0000000       0.00000000      0.810000002       10.5419998       19.6898270       5.50000000      0.482014745       10.1171103       1.43966201E-04   1.09042441E-04  0.757416964      -6.26822002E-05  -6.35442630E-05   1.12625101E-04   2.06648416E-04   1.12625101E-04   7.72702551E-05   1.72586704E-04   7.72703570E-05 -0.435395241     -0.582747996     k_32_35_27                                                                         1.50387968E-05   2.45840347E-05   2.43316990E-05   2.35919106E-06   2.32992716E-05   3.01117689E-05   3.50901537E-05   3.29039176E-06
   96.0000000       0.00000000      0.839999974       10.5419998       20.4776363       5.50000000      0.456962317       10.7861757       9.18577571E-05   6.89632725E-05  0.750761569      -4.21032746E-05  -4.17500851E-05   7.08061052E-05   1.33961032E-04   7.08061052E-05   4.80883755E-05   1.10713358E-04   4.80880663E-05 -0.458352953     -0.605395913     k_32_35_28                                                                         1.32166215E-05   1.83176708E-05   1.88395516E-05   1.80038933E-06   2.01272487E-05   2.27832770E-05   2.74054382E-05   2.51860183E-06
   96.0000000       0.00000000      0.870000005       10.5419998       21.4738121       5.50000000      0.432030648       11.5286894       5.71048040E-05   4.26321458E-05  0.746559680      -2.70791279E-05  -2.65048420E-05   4.35652364E-05   8.41839355E-05   4.35652400E-05   2.93796675E-05   6.91369860E-05   2.93797839E-05 -0.474200517     -0.621710241     k_32_35_29                                                                         1.16777092E-05   1.37038242E-05   1.45917547E-05   1.36395192E-06   1.74350571E-05   1.72641649E-05   2.13459043E-05   1.91108120E-06
   96.0000000       0.00000000      0.899999976       10.5419998       22.7770061       5.50000000      0.407248676       12.3564701       3.43178326E-05   2.55321629E-05  0.743991137      -1.65590882E-05  -1.59851934E-05   2.60382876E-05   5.08769226E-05   2.60382876E-05   1.75394689E-05   4.15173527E-05   1.75396617E-05 -0.482521385     -0.626080632     k_32_35_30                                                                         1.03228576E-05   1.02854401E-05   1.12763901E-05   1.02458307E-06   1.51362174E-05   1.30945446E-05   1.65721631E-05   1.43608986E-06
   96.0000000       0.00000000      0.930000007       10.5419998       24.5640697       5.50000000      0.382641226       13.2841349       1.97380668E-05   1.47097444E-05  0.745247483      -9.52394112E-06  -9.05402067E-06   1.49760981E-05   2.92620080E-05   1.49760981E-05   1.01827036E-05   2.37637651E-05   1.01827627E-05 -0.482516408     -0.615511775     k_32_35_31                                                                         9.17717989E-06   7.77868536E-06   8.73496901E-06   7.63798880E-07   1.31906090E-05   9.95602932E-06   1.28437696E-05   1.06977268E-06
   96.0000000       0.00000000      0.959999979       10.5419998       27.1914310       5.50000000      0.358230859       14.3299065       1.06532989E-05   8.01219448E-06  0.752085745      -5.04102354E-06  -4.89272543E-06   8.13278803E-06   1.56943206E-05   8.13278803E-06   5.56583427E-06   1.29049204E-05   5.56583200E-06 -0.473188967     -0.610659838     k_32_35_32                                                                         8.18732133E-06   5.94577068E-06   6.79264622E-06   5.69358917E-07   1.15465236E-05   7.59067552E-06   9.94184666E-06   7.89822479E-07
   96.0000000       0.00000000      0.990000010       10.5419998       31.5218830       5.50000000      0.334037423       15.5168037       5.19269088E-06   3.95336201E-06  0.761332035      -2.35642210E-06  -2.35143239E-06   4.01447915E-06   7.54911298E-06   4.01447960E-06   2.77764957E-06   6.30479508E-06   2.77764275E-06 -0.453795940     -0.594793081     k_32_35_33                                                                         7.35837739E-06   4.57477290E-06   5.31485284E-06   4.23779511E-07   1.01834421E-05   5.81790755E-06   7.70743100E-06   5.79076186E-07
   96.0000000       0.00000000       1.01999998       10.5419998       40.4786987       5.50000000      0.310077786       16.8743629       2.04728099E-06   1.58184787E-06  0.772657931      -8.64565720E-07  -8.93668471E-07   1.61499895E-06   2.91184710E-06   1.61499804E-06   1.13502426E-06   2.47551657E-06   1.13500312E-06 -0.422299504     -0.564952195     k_32_35_34                                                                         6.66642200E-06   3.54395593E-06   4.16719604E-06   3.13147893E-07   9.05675097E-06   4.48315677E-06   5.98739734E-06   4.21369577E-07
   96.0000000       0.00000000       1.04999995       10.5419998       81.3157959       5.50000000      0.286367416       18.4410152       3.54698784E-07   2.79918112E-07  0.789171338      -1.33810815E-07  -1.45734688E-07   2.87793370E-07   4.88509670E-07   2.87793483E-07   2.07050661E-07   4.25652814E-07   2.07050917E-07 -0.377251983     -0.520633280     k_32_35_35                                                                         6.11175892E-06   2.77287518E-06   3.29728641E-06   2.31342142E-07   8.15402564E-06   3.48299568E-06   4.67661539E-06   3.04938339E-07
