 #! thr0[f,0]/ phr0[f,1]/ pr[f,2]/ ei[f,3]/ th_e[f,4]/ q2[f,5]/ x[f,6]/ plab[f,7]/ crs0[f,8]/ crs12[f,9]/  ratio[f,10]/ crs_ten0[f,11]/ crs_ten12[f,12]/  crs_pol0_-1[f,13]/ crs_pol0_0[f,14]/ crs_pol0_1[f,15]/ crs_pol12_-1[f,16]/ crs_pol12_0[f,17]/ crs_pol12_1[f,18]/ asym0[f,19]/ asym12[f,20]/ ID[s,21]/ w_l[f,22]/ w_t[f,23]/ w_lt[f,24]/ w_tt[f,25]/ w_l_pwia[f,26]/ w_t_pwia[f,27]/ w_lt_pwia[f,28]/ w_tt_pwia[f,29]/ 
   99.0000000       0.00000000       0.00000000       10.5419998       11.0313349       3.40000010      0.998496652       2.58700871       8832.36328       8630.30957      0.977123499      -6.61478862E-02  -33.6784439       8832.33008       8832.42969       8832.33008       8613.46973       8663.98730       8613.46973      -7.48926232E-06  -3.90234473E-03 k_33_14_0                                                                          30.4294395       233.344406       1.89223341E-04   4.57763672E-05   31.1640110       238.786133       1.73472348E-18   0.00000000    
   99.0000000       0.00000000       2.99999993E-02   10.5419998       11.0407991       3.40000010      0.990359128       2.61869025       4340.09570       4204.12158      0.968670249       61.9490471       37.9068489       4371.07031       4278.14697       4371.07031       4223.07422       4166.21436       4223.07471       1.42736593E-02   9.01659206E-03 k_33_14_1                                                                          14.4611053       109.977798       4.01365089       3.22265625E-02   14.9531603       113.594452       4.08361053       3.26690674E-02
   99.0000000       0.00000000       5.99999987E-02   10.5419998       11.0527983       3.40000010      0.980259597       2.65868068       1142.65967       1078.25403      0.943635345       65.0203323       52.2446861       1175.16980       1077.63928       1175.16980       1104.37659       1026.00952       1104.37634       5.69026247E-02   4.84530404E-02 k_33_14_2                                                                          3.63969874       27.3652458       2.03289604       3.26738358E-02   3.87105298       29.0625248       2.09976292       3.34281921E-02
   99.0000000       0.00000000       9.00000036E-02   10.5419998       11.0674410       3.40000010      0.968254209       2.70721388       324.335785       293.889038      0.906125844       41.2366638       34.1606445       344.954132       283.099091       344.954102       310.969330       259.728394       310.969360      0.127141893      0.116236538     k_33_14_3                                                                         0.978531480       7.25149536      0.827899814       1.98860168E-02   1.08797085       8.04612446      0.877073228       2.08292007E-02
   99.0000000       0.00000000      0.119999997       10.5419998       11.0848255       3.40000010      0.954436481       2.76446462       108.585922       93.4398727      0.860515535       24.2352867       20.0466957       120.703568       84.3506317       120.703568       103.463196       73.3931732       103.463226      0.223189950      0.214541122     k_33_14_4                                                                         0.308470815       2.24613333      0.351416290       1.12355947E-02  0.363220066       2.63714695      0.385872096       1.21394396E-02
   99.0000000       0.00000000      0.150000006       10.5419998       11.1050882       3.40000010      0.938897312       2.83070827       41.6212692       34.0383987      0.817812622       14.2111464       11.6611509       48.7268372       27.4101238       48.7268372       39.8689575       22.3772469       39.8689842      0.341439515      0.342588127     k_33_14_5                                                                         0.112354979      0.800007224      0.159811974       6.35114312E-03  0.139831781      0.993177414      0.183047205       7.14412332E-03
   99.0000000       0.00000000      0.180000007       10.5419998       11.1283751       3.40000010      0.921753168       2.90619826       17.6956577       13.8735476      0.784008563       8.41611767       6.83547926       21.9037189       9.27954197       21.9037189       17.2912827       7.03806877       17.2912922      0.475603551      0.492698729     k_33_14_6                                                                          4.62292768E-02  0.321075559       7.73128197E-02   3.63612175E-03   6.01526238E-02  0.416388690       9.28798616E-02   4.31303680E-03
   99.0000000       0.00000000      0.209999993       10.5419998       11.1548634       3.40000010      0.903119862       2.99127460       8.17267990       6.34169817      0.775963128       5.03107882       4.07575512       10.6882200       3.14160132       10.6882191       8.37957191       2.26594257       8.37957859      0.615597188      0.642691433     k_33_14_7                                                                          2.17322167E-02  0.146185577       4.00401950E-02   2.16443092E-03   2.83242073E-02  0.190321952       4.99962680E-02   2.68262625E-03
   99.0000000       0.00000000      0.239999995       10.5419998       11.1847553       3.40000010      0.883126676       3.08629656       4.05078554       3.21303058      0.793187022       3.02596784       2.45539784       5.56376982       1.02481818       5.56376982       4.44072437      0.757632554       4.44073486      0.747007668      0.764199972     k_33_14_8                                                                          1.15092704E-02   7.47620761E-02   2.21844055E-02   1.33119151E-03   1.44270649E-02   9.36990008E-02   2.84192320E-02   1.72394514E-03
   99.0000000       0.00000000      0.270000011       10.5419998       11.2182922       3.40000010      0.861899436       3.19171858       2.14040995       1.73635030      0.811223269       1.82417810       1.46079957       3.05249929      0.316231728       3.05249929       2.46674871      0.275550872       2.46675205      0.852256417      0.841304660     k_33_14_9                                                                          6.52629090E-03   4.10292223E-02   1.30256284E-02   8.47252086E-04   7.89899193E-03   4.93590683E-02   1.70281697E-02   1.14808418E-03
   99.0000000       0.00000000      0.300000012       10.5419998       11.2557507       3.40000010      0.839572787       3.30803227       1.20070016       1.02912891      0.857107341       1.09810853      0.873875976       1.74975443      0.102591574       1.74975443       1.46606553      0.155252859       1.46606827      0.914556801      0.849141419     k_33_14_10                                                                         4.11572540E-03   2.49337740E-02   8.25294573E-03   5.76778315E-04   4.63134889E-03   2.77086236E-02   1.07461140E-02   7.94258900E-04
   99.0000000       0.00000000      0.330000013       10.5419998       11.2974596       3.40000010      0.816275656       3.43583512      0.711974084      0.631151974      0.886481643      0.657363772      0.512630403       1.04065585       5.46103269E-02   1.04065609      0.887466311      0.118521594      0.887468040      0.923297346      0.812213898     k_33_14_11                                                                         2.65738508E-03   1.56397410E-02   5.51829254E-03   4.13646922E-04   2.89657665E-03   1.65060684E-02   7.12892460E-03   5.70997596E-04
   99.0000000       0.00000000      0.360000014       10.5419998       11.3437967       3.40000010      0.792139173       3.57579160      0.443654060      0.402280867      0.906744480      0.389605463      0.292555958      0.638456762       5.40485643E-02  0.638456762      0.548557341      0.109724909      0.548560381      0.878174007      0.727243006     k_33_14_12                                                                         1.79291330E-03   1.02138296E-02   3.85286566E-03   3.08687799E-04   1.92203431E-03   1.03747398E-02   4.95143328E-03   4.25538514E-04
   99.0000000       0.00000000      0.389999986       10.5419998       11.3952103       3.40000010      0.767288864       3.72868466      0.288294524      0.262753963      0.911408126      0.227380514      0.161994189      0.401984811       6.09140098E-02  0.401984751      0.343750447      0.100759767      0.343751639      0.788709104      0.616524220     k_33_14_13                                                                         1.22298615E-03   6.78730430E-03   2.82852701E-03   2.45769508E-04   1.34338671E-03   6.82909042E-03   3.57808685E-03   3.27104004E-04
   99.0000000       0.00000000      0.419999987       10.5419998       11.4522295       3.40000010      0.741845012       3.89541721      0.193698108      0.178868979      0.923442066      0.129760310       8.93968344E-02  0.258578271       6.39377683E-02  0.258578271      0.223567352       8.94721448E-02  0.223567456      0.669910073      0.499789476     k_33_14_14                                                                         8.81675514E-04   4.73613106E-03   2.14664824E-03   1.97223155E-04   9.81066725E-04   4.66867816E-03   2.67037866E-03   2.57663662E-04
   99.0000000       0.00000000      0.449999988       10.5419998       11.5154762       3.40000010      0.715922713       4.07702732      0.133378401      0.122564994      0.918926835       7.16238692E-02   4.54994738E-02  0.169190332       6.17545247E-02  0.169190332      0.145314485       7.70655200E-02  0.145314991      0.536997497      0.371227324     k_33_14_15                                                                         6.43171719E-04   3.32374079E-03   1.65272399E-03   1.63160381E-04   7.42392265E-04   3.28680035E-03   2.04218505E-03   2.06505647E-04
   99.0000000       0.00000000      0.479999989       10.5419998       11.5856943       3.40000010      0.689629793       4.27472019       9.34112296E-02   8.49469826E-02  0.909387290       3.75704393E-02   1.91646535E-02  0.112196460       5.58407977E-02  0.112196460       9.45291296E-02   6.57823235E-02   9.45294797E-02  0.402204752      0.225607231     k_33_14_16                                                                         4.66642960E-04   2.39451509E-03   1.27405231E-03   1.32664456E-04   5.77947299E-04   2.36558123E-03   1.58954738E-03   1.67339807E-04
   99.0000000       0.00000000      0.509999990       10.5419998       11.6637697       3.40000010      0.663067937       4.48987627       6.61144778E-02   5.93189895E-02  0.897216320       1.80800613E-02   5.47756907E-03   7.51545057E-02   4.80344221E-02   7.51545057E-02   6.20577559E-02   5.38414195E-02   6.20577894E-02  0.273465991       9.23409015E-02 k_33_14_17                                                                         3.51452763E-04   1.73119234E-03   1.00076327E-03   1.09635061E-04   4.60136420E-04   1.73021352E-03   1.25221361E-03   1.36392540E-04
   99.0000000       0.00000000      0.540000021       10.5419998       11.7507792       3.40000010      0.636328220       4.72412634       4.70492393E-02   4.14515212E-02  0.881024241       7.30180880E-03  -7.96610082E-04   5.07001467E-02   3.97474356E-02   5.07001467E-02   4.10530940E-02   4.22481298E-02   4.10533398E-02  0.155195042      -1.92178730E-02 k_33_14_18                                                                         2.72031059E-04   1.25820411E-03   7.87331839E-04   8.96243146E-05   3.72899813E-04   1.28011033E-03   9.94052971E-04   1.11357833E-04
   99.0000000       0.00000000      0.569999993       10.5419998       11.8480158       3.40000010      0.609497249       4.97933388       3.35330367E-02   2.89891083E-02  0.864493966       1.65015401E-03  -3.00271134E-03   3.43581103E-02   3.18828821E-02   3.43581103E-02   2.74876896E-02   3.19918171E-02   2.74878070E-02   4.92097996E-02 -0.103580676     k_33_14_19                                                                         2.15033841E-04   9.21390485E-04   6.20649778E-04   7.23165285E-05   3.06545000E-04   9.54845455E-04   7.92665815E-04   9.08021175E-05
   99.0000000       0.00000000      0.600000024       10.5419998       11.9570808       3.40000010      0.582651317       5.25769758       2.38579921E-02   2.02107485E-02  0.847126961      -1.05518952E-03  -3.59022105E-03   2.33303942E-02   2.49131788E-02   2.33303960E-02   1.84156448E-02   2.38009728E-02   1.84156410E-02  -4.42279279E-02 -0.177639186     k_33_14_20                                                                         1.72945249E-04   6.76831929E-04   4.88977239E-04   5.82908688E-05   2.54893617E-04   7.16176117E-04   6.33320189E-04   7.37676164E-05
   99.0000000       0.00000000      0.629999995       10.5419998       12.0799522       3.40000010      0.555859566       5.56178570       1.69005021E-02   1.40099162E-02  0.828964472      -2.12470279E-03  -3.43805831E-03   1.58381499E-02   1.90252047E-02   1.58381481E-02   1.22908754E-02   1.74479764E-02   1.22909024E-02 -0.125718325     -0.245401770     k_33_14_21                                                                         1.41447497E-04   4.97560482E-04   3.84687999E-04   4.65853809E-05   2.13921026E-04   5.39141707E-04   5.06078824E-04   5.96015161E-05
   99.0000000       0.00000000      0.660000026       10.5419998       12.2190990       3.40000010      0.529184401       5.89461327       1.19097605E-02   9.66976490E-03  0.811919332      -2.33684690E-03  -2.96777324E-03   1.07413363E-02   1.42466072E-02   1.07413363E-02   8.18588957E-03   1.26375370E-02   8.18586629E-03 -0.196212754     -0.306912661     k_33_14_22                                                                         1.17883479E-04   3.66951630E-04   3.02839238E-04   3.69768240E-05   1.81151030E-04   4.07378189E-04   4.04467399E-04   4.78931906E-05
   99.0000000       0.00000000      0.689999998       10.5419998       12.3776646       3.40000010      0.502680480       6.25975704       8.32530763E-03   6.62202947E-03  0.795409560      -2.13802815E-03  -2.38777325E-03   7.25629320E-03   1.04633365E-02   7.25629320E-03   5.42813819E-03   9.00980271E-03   5.42814704E-03 -0.256810695     -0.360580295     k_33_14_23                                                                         9.98773103E-05   2.70742836E-04   2.37939123E-04   2.91296165E-05   1.54437861E-04   3.08393530E-04   3.22699954E-04   3.81998252E-05
   99.0000000       0.00000000      0.720000029       10.5419998       12.5596962       3.40000010      0.476395875       6.66146421       5.76671585E-03   4.51404089E-03  0.782774985      -1.77883380E-03  -1.84385770E-03   4.87729907E-03   7.54555035E-03   4.87729907E-03   3.59211164E-03   6.35789800E-03   3.59211140E-03 -0.308465660     -0.408471644     k_33_14_24                                                                         8.59602442E-05   2.00836919E-04   1.87435464E-04   2.28435892E-05   1.32518631E-04   2.33928615E-04   2.57034466E-04   3.02403932E-05
   99.0000000       0.00000000      0.750000000       10.5419998       12.7705011       3.40000010      0.450372458       7.10482550       3.94980423E-03   3.05674993E-03  0.773899078      -1.39063527E-03  -1.38811697E-03   3.25448602E-03   5.34043834E-03   3.25448602E-03   2.36269995E-03   4.44486691E-03   2.36268388E-03 -0.352077007     -0.454115331     k_33_14_25                                                                         7.47023441E-05   1.50004693E-04   1.47645740E-04   1.78329210E-05   1.14325652E-04   1.77678128E-04   2.04233889E-04   2.37373242E-05
   99.0000000       0.00000000      0.779999971       10.5419998       13.0171824       3.40000010      0.424646169       7.59598732       2.67380220E-03   2.05259607E-03  0.767669380      -1.03746634E-03  -1.00738776E-03   2.15506949E-03   3.71126900E-03   2.15506949E-03   1.54889585E-03   3.05998349E-03   1.54890819E-03 -0.388011634     -0.490787148     k_33_14_26                                                                         6.58447752E-05   1.12571928E-04   1.16520227E-04   1.38211035E-05   9.92505447E-05   1.35295995E-04   1.62070748E-04   1.84914898E-05
   99.0000000       0.00000000      0.810000002       10.5419998       13.3094721       3.40000010      0.399247944       8.14241600       1.78248936E-03   1.36156951E-03  0.763858438      -7.43480981E-04  -7.08170293E-04   1.41074893E-03   2.52597057E-03   1.41074893E-03   1.00747438E-03   2.06973986E-03   1.00749440E-03 -0.417102605     -0.520113230     k_33_14_27                                                                         5.85047928E-05   8.48049094E-05   9.19158483E-05   1.06315638E-05   8.65497350E-05   1.03128070E-04   1.28245156E-04   1.42683966E-05
   99.0000000       0.00000000      0.839999974       10.5419998       13.6611032       3.40000010      0.374203384       8.75330162       1.16943719E-03   8.93214194E-04  0.763798356      -5.13494713E-04  -4.83871554E-04   9.12689720E-04   1.68293167E-03   9.12689720E-04   6.51282608E-04   1.37708569E-03   6.51274109E-04 -0.439095587     -0.541719496     k_33_14_28                                                                         5.24614479E-05   6.44020693E-05   7.27274382E-05   8.15488602E-06   7.59479226E-05   7.88415928E-05   1.01386475E-04   1.09216235E-05
   99.0000000       0.00000000      0.870000005       10.5419998       14.0921144       3.40000010      0.349534243       9.44003773       7.52355088E-04   5.77507832E-04  0.767600060      -3.41778039E-04  -3.20477062E-04   5.81465953E-04   1.09413301E-03   5.81466069E-04   4.17271338E-04   8.97985010E-04   4.17267293E-04 -0.454277575     -0.554931104     k_33_14_29                                                                         4.74205626E-05   4.92814797E-05   5.77461979E-05   6.25249595E-06   6.70484369E-05   6.04417146E-05   8.00689668E-05   8.28715565E-06
   99.0000000       0.00000000      0.899999976       10.5419998       14.6330471       3.40000010      0.325258195       10.2169371       4.72281798E-04   3.66013817E-04  0.774990320      -2.18311776E-04  -2.06815603E-04   3.63125931E-04   6.90593559E-04   3.63125931E-04   2.62605667E-04   5.72829507E-04   2.62606452E-04 -0.462248981     -0.565048635     k_33_14_30                                                                         4.31382141E-05   3.79918201E-05   4.59953080E-05   4.75562229E-06   5.95350939E-05   4.64456316E-05   6.31512739E-05   6.22744301E-06
   99.0000000       0.00000000      0.930000007       10.5419998       15.3330545       3.40000010      0.301389039       11.1022406       2.87860021E-04   2.25846044E-04  0.784568965      -1.33061636E-04  -1.28284417E-04   2.21329203E-04   4.20921657E-04   2.21329217E-04   1.61703327E-04   3.54130461E-04   1.61704418E-04 -0.462244242     -0.568017125     k_33_14_31                                                                         3.95189818E-05   2.94922284E-05   3.67249413E-05   3.60287868E-06   5.32751365E-05   3.58318503E-05   4.98358713E-05   4.63894139E-06
   99.0000000       0.00000000      0.959999979       10.5419998       16.2771187       3.40000010      0.277937800       12.1195145       1.68784274E-04   1.34238086E-04  0.795323431      -7.65113291E-05  -7.50866966E-05   1.30528613E-04   2.45295611E-04   1.30528613E-04   9.66947846E-05   2.09324819E-04   9.66947046E-05 -0.453308403     -0.559354663     k_33_14_32                                                                         3.65053784E-05   2.30239639E-05   2.94144847E-05   2.70004239E-06   4.81010611E-05   2.77676299E-05   3.93874070E-05   3.42496787E-06
   99.0000000       0.00000000      0.990000010       10.5419998       17.6275749       3.40000010      0.254912347       13.2997923       9.39639358E-05   7.59535251E-05  0.808326364      -4.08655360E-05  -4.09352979E-05   7.35311623E-05   1.34829461E-04   7.35311696E-05   5.54859544E-05   1.16888812E-04   5.54857725E-05 -0.434906602     -0.538951933     k_33_14_33                                                                         3.41346749E-05   1.81420401E-05   2.37613312E-05   2.02844694E-06   4.39975011E-05   2.16810513E-05   3.12917582E-05   2.51188249E-06
   99.0000000       0.00000000       1.01999998       10.5419998       19.7437820       3.40000010      0.232318506       14.6847086       4.81621755E-05   3.94712442E-05  0.819548607      -1.94843469E-05  -2.02430820E-05   3.84200030E-05   6.76465206E-05   3.84200030E-05   2.93495177E-05   5.97143189E-05   2.93498797E-05 -0.404557049     -0.512856424     k_33_14_34                                                                         3.22634041E-05   1.43759426E-05   1.91931831E-05   1.50135793E-06   4.08064770E-05   1.70474814E-05   2.49982804E-05   1.82723397E-06
   99.0000000       0.00000000       1.04999995       10.5419998       23.6452389       3.40000010      0.210160047       16.3314762       2.12833638E-05   1.76746544E-05  0.830444574      -7.69185226E-06  -8.41030760E-06   1.74374381E-05   2.89752170E-05   1.74374381E-05   1.34694337E-05   2.60849665E-05   1.34695683E-05 -0.361402094     -0.475840002     k_33_14_35                                                                         3.09888928E-05   1.14951763E-05   1.56964852E-05   1.10829978E-06   3.86126303E-05   1.35545361E-05   2.01901257E-05   1.32233117E-06
   99.0000000       0.00000000       1.08000004       10.5419998       34.3054314       3.40000010      0.188438028       18.3210087       6.27694681E-06   5.28593955E-06  0.842119515      -1.89015509E-06  -2.24466680E-06   5.33186903E-06   8.16710053E-06   5.33186949E-06   4.16360945E-06   7.53060613E-06   4.16360308E-06 -0.301126510     -0.424648583     k_33_14_36                                                                         3.02318203E-05   9.24307278E-06   1.29407290E-05   8.12213784E-07   3.71908463E-05   1.08437016E-05   1.64312405E-05   9.45821284E-07
