 #! thr0[f,0]/ phr0[f,1]/ pr[f,2]/ ei[f,3]/ th_e[f,4]/ q2[f,5]/ x[f,6]/ plab[f,7]/ crs0[f,8]/ crs12[f,9]/  ratio[f,10]/ crs_ten0[f,11]/ crs_ten12[f,12]/  crs_pol0_-1[f,13]/ crs_pol0_0[f,14]/ crs_pol0_1[f,15]/ crs_pol12_-1[f,16]/ crs_pol12_0[f,17]/ crs_pol12_1[f,18]/ asym0[f,19]/ asym12[f,20]/ ID[s,21]/ w_l[f,22]/ w_t[f,23]/ w_lt[f,24]/ w_tt[f,25]/ w_l_pwia[f,26]/ w_t_pwia[f,27]/ w_lt_pwia[f,28]/ w_tt_pwia[f,29]/ 
   99.0000000       0.00000000       0.00000000       10.5419998       19.8171272       7.90000010      0.998788238       5.06613731       129.427704       126.740166      0.979235232      -9.76262905E-04 -0.461741120       129.427216       129.428680       129.427216       126.509293       127.201897       126.509293      -7.54292068E-06  -3.64321074E-03 k_33_59_0                                                                          2.61253500       28.2133636       3.85272462E-04   0.00000000       2.66875172       28.8115940      -2.14776483E-32   0.00000000    
   99.0000000       0.00000000       2.99999993E-02   10.5419998       19.8625183       7.90000010      0.992058039       5.12425947       62.4796753       60.6783333      0.971169174      0.891815901      0.566464901       62.9255867       61.5878525       62.9255867       60.9615669       60.1118736       60.9615669       1.42736966E-02   9.33553837E-03 k_33_59_1                                                                          1.24474728       13.3058472      0.452832431       2.23112106E-03   1.28302753       13.7061520      0.460141778       2.22921371E-03
   99.0000000       0.00000000       5.99999987E-02   10.5419998       19.9189205       7.90000010      0.983882487       5.19590425       16.1612988       15.2680702      0.944730401      0.919619858      0.743411601       16.6211090       15.2416763       16.6211052       15.6397772       14.5246582       15.6397753       5.69025949E-02   4.86906059E-02 k_33_59_2                                                                         0.313945591       3.30760002      0.229627788       2.24065781E-03  0.333215922       3.50672603      0.236794353       2.28071213E-03
   99.0000000       0.00000000       9.00000036E-02   10.5419998       19.9868164       7.90000010      0.974306822       5.28130579       4.50678730       4.07052279      0.903198361      0.573001266      0.472838759       4.79328728       3.93378544       4.79328680       4.30694246       3.59768414       4.30694246      0.127141848      0.116161682     k_33_59_3                                                                          8.44967067E-02  0.873318791       9.33733881E-02   1.35621428E-03   9.40779895E-02  0.970880747       9.89987701E-02   1.42097473E-03
   99.0000000       0.00000000      0.119999997       10.5419998       20.0669174       7.90000010      0.963368058       5.38088894       1.48215818       1.25442076      0.846347451      0.330802768      0.268462121       1.64755952       1.15135550       1.64755952       1.38865173      0.985958755       1.38865197      0.223189920      0.214012817     k_33_59_4                                                                          2.65478548E-02  0.266966283       3.94544937E-02   7.63133168E-04   3.15951966E-02  0.318215698       4.35978174E-02   8.28117132E-04
   99.0000000       0.00000000      0.150000006       10.5419998       20.1601849       7.90000010      0.951094389       5.49528503      0.557898343      0.452715337      0.811465621      0.190488502      0.153896496      0.653142452      0.367409855      0.653142571      0.529663503      0.298818827      0.529663801      0.341439456      0.339940995     k_33_59_5                                                                          9.89959296E-03   9.60635841E-02   1.80690363E-02   4.34119254E-04   1.22537622E-02  0.119844198       2.07034033E-02   4.87372279E-04
   99.0000000       0.00000000      0.180000007       10.5419998       20.2675667       7.90000010      0.937545896       5.62495756      0.232828811      0.178052649      0.764736295      0.110734195       8.73865560E-02  0.288195878      0.122094594      0.288195878      0.221745789       9.06660780E-02  0.221745998      0.475603491      0.490790546     k_33_59_6                                                                          4.06643981E-03   3.77988927E-02   8.70592985E-03   2.48298049E-04   5.31859882E-03   5.02434038E-02   1.05166389E-02   2.94245780E-04
   99.0000000       0.00000000      0.209999993       10.5419998       20.3903427       7.90000010      0.922770083       5.77062321      0.105487898       7.79948905E-02  0.739372849       6.49380460E-02   5.02718762E-02  0.137956917       4.05498408E-02  0.137956917      0.103130788       2.77230088E-02  0.103130870      0.615597129      0.644553483     k_33_59_7                                                                          1.89166726E-03   1.67138707E-02   4.46523027E-03   1.46130100E-04   2.53089494E-03   2.29635015E-02   5.66734932E-03   1.83005817E-04
   99.0000000       0.00000000      0.239999995       10.5419998       20.5299549       7.90000010      0.906829298       5.93298531       5.12523092E-02   3.75168361E-02  0.732002854       3.82858664E-02   2.90355831E-02   7.03952536E-02   1.29664466E-02   7.03952387E-02   5.20345643E-02   8.48125573E-03   5.20347022E-02  0.747007608      0.773934722     k_33_59_8                                                                          9.78578115E-04   8.19901004E-03   2.43283319E-03   8.83578323E-05   1.30490435E-03   1.13038458E-02   3.22509208E-03   1.17606949E-04
   99.0000000       0.00000000      0.270000011       10.5419998       20.6881638       7.90000010      0.889785826       6.11288738       2.65212115E-02   1.98671520E-02  0.749104261       2.26028748E-02   1.68490298E-02   3.78226489E-02   3.91833717E-03   3.78226452E-02   2.82918382E-02   3.01812193E-03   2.82914918E-02  0.852256477      0.848084807     k_33_59_9                                                                          5.62360394E-04   4.47654072E-03   1.42253900E-03   5.60600311E-05   7.24389858E-04   5.95332775E-03   1.93450670E-03   7.83216674E-05
   99.0000000       0.00000000      0.300000012       10.5419998       20.8670845       7.90000010      0.871704400       6.31129408       1.45528093E-02   1.11515401E-02  0.766280949       1.33093698E-02   9.54523869E-03   2.12074909E-02   1.24343752E-03   2.12074909E-02   1.59241259E-02   1.60630082E-03   1.59241948E-02  0.914556742      0.855956972     k_33_59_10                                                                         3.38182668E-04   2.61181081E-03   8.75361788E-04   3.74399824E-05   4.31322551E-04   3.34086246E-03   1.22207543E-03   5.41843474E-05
   99.0000000       0.00000000      0.330000013       10.5419998       21.0692768       7.90000010      0.852653146       6.52929211       8.42925347E-03   6.62051234E-03  0.785420954       7.78270792E-03   5.19364374E-03   1.23206088E-02   6.46546541E-04   1.23206088E-02   9.21732374E-03   1.42686756E-03   9.21734516E-03  0.923297405      0.784477592     k_33_59_11                                                                         2.09381265E-04   1.62661623E-03   5.65917522E-04   2.66490970E-05   2.74361810E-04   1.98917976E-03   8.11466947E-04   3.89532070E-05
   99.0000000       0.00000000      0.360000014       10.5419998       21.2978420       7.90000010      0.832701504       6.76811647       5.12229372E-03   3.93524859E-03  0.768259048       4.49826661E-03   2.53274897E-03   7.37142749E-03   6.24028326E-04   7.37142842E-03   5.20162191E-03   1.40249997E-03   5.20162517E-03  0.878174305      0.643605828     k_33_59_12                                                                         1.41377983E-04   9.97812487E-04   3.89281166E-04   1.94428139E-05   1.85403900E-04   1.24944653E-03   5.64050628E-04   2.90300814E-05
   99.0000000       0.00000000      0.389999986       10.5419998       21.5565891       7.90000010      0.811919212       7.02918386       3.23968567E-03   2.64746090E-03  0.817196846       2.55516963E-03   1.32695097E-03   4.51727118E-03   6.84516213E-04   4.51727118E-03   3.31093138E-03   1.32050982E-03   3.31094163E-03  0.788709104      0.501216471     k_33_59_13                                                                         1.03489590E-04   7.05480867E-04   2.94150726E-04   1.56194437E-05   1.32114874E-04   8.21713998E-04   4.07849526E-04   2.23150128E-05
   99.0000000       0.00000000      0.419999987       10.5419998       21.8502655       7.90000010      0.790374339       7.31413221       2.11367453E-03   1.82198768E-03  0.862000108       1.41597202E-03   6.61138387E-04   2.82166037E-03   6.97702402E-04   2.82166060E-03   2.15254794E-03   1.16084924E-03   2.15256540E-03  0.669910133      0.362866551     k_33_59_14                                                                         7.67332531E-05   5.13357925E-04   2.28839577E-04   1.28567917E-05   9.84439976E-05   5.61128487E-04   3.04500834E-04   1.75776950E-05
   99.0000000       0.00000000      0.449999988       10.5419998       22.1847725       7.90000010      0.768136322       7.62480640       1.40950223E-03   1.25536427E-03  0.890643716       7.56899244E-04   2.94408412E-04   1.78795191E-03   6.52602874E-04   1.78795191E-03   1.40256784E-03   9.60956037E-04   1.40256935E-03  0.536997557      0.234520301     k_33_59_15                                                                         5.85103116E-05   3.75935924E-04   1.79328126E-04   1.06308726E-05   7.60431358E-05   3.94485163E-04   2.32896942E-04   1.40877964E-05
   99.0000000       0.00000000      0.479999989       10.5419998       22.5676327       7.90000010      0.745271385       7.96335697       9.52899107E-04   8.63885798E-04  0.906586826       3.83260485E-04   1.04715655E-04   1.14452932E-03   5.69638505E-04   1.14452920E-03   9.16241028E-04   7.59170100E-04   9.16246208E-04  0.402204692      0.121214695     k_33_59_16                                                                         4.50272128E-05   2.76381325E-04   1.41939890E-04   8.84260226E-06   6.04339803E-05   2.83429661E-04   1.81242867E-04   1.14159775E-05
   99.0000000       0.00000000      0.509999990       10.5419998       23.0084991       7.90000010      0.721845686       8.33222771       6.48549641E-04   5.90291747E-04  0.910172045       1.77356298E-04   1.23489926E-05   7.37227732E-04   4.71193373E-04   7.37227732E-04   5.96465834E-04   5.77942701E-04   5.96466532E-04  0.273466021       2.09201518E-02 k_33_59_17                                                                         3.52448624E-05   2.03079835E-04   1.12569986E-04   7.34042987E-06   4.91025676E-05   2.06871555E-04   1.42701596E-04   9.30469832E-06
   99.0000000       0.00000000      0.540000021       10.5419998       23.5200500       7.90000010      0.697921336       8.73427868       4.41767857E-04   3.99152515E-04  0.903534532       6.85601190E-05  -2.70949076E-05   4.76047862E-04   3.73207702E-04   4.76047862E-04   3.85604246E-04   4.26247454E-04   3.85605905E-04  0.155194908      -6.78810924E-02 k_33_59_18                                                                         2.80164149E-05   1.48999286E-04   8.89934454E-05   6.01947249E-06   4.05810752E-05   1.52675726E-04   1.13173803E-04   7.59682007E-06
   99.0000000       0.00000000      0.569999993       10.5419998       24.1191788       7.90000010      0.673560321       9.17277336       2.99695123E-04   2.67098221E-04  0.891233146       1.47479241E-05  -3.92819748E-05   3.07069131E-04   2.84947164E-04   3.07069131E-04   2.47457210E-04   3.06380243E-04   2.47457298E-04   4.92097549E-02 -0.147069395     k_33_59_19                                                                         2.26781431E-05   1.09287212E-04   7.02622201E-05   4.90525053E-06   3.39839207E-05   1.13551199E-04   9.01189196E-05   6.19450293E-06
   99.0000000       0.00000000      0.600000024       10.5419998       24.8291092       7.90000010      0.648818672       9.65157795       2.01564209E-04   1.76341826E-04  0.874866784      -8.91477066E-06  -3.87035798E-05   1.97106812E-04   2.10478989E-04   1.97106812E-04   1.56989307E-04   2.15045395E-04   1.56990776E-04  -4.42279428E-02 -0.219480425     k_33_59_20                                                                         1.86246343E-05   8.01269707E-05   5.52185011E-05   3.95510142E-06   2.87461899E-05   8.48819909E-05   7.18653682E-05   5.03241245E-06
   99.0000000       0.00000000      0.629999995       10.5419998       25.6825180       7.90000010      0.623751700       10.1751604       1.33814916E-04   1.14612027E-04  0.856496632      -1.68229835E-05  -3.27919370E-05   1.25403414E-04   1.50637876E-04   1.25403414E-04   9.82160054E-05   1.47403960E-04   9.82161364E-05 -0.125718296     -0.286112517     k_33_59_21                                                                         1.55639136E-05   5.87032337E-05   4.32621127E-05   3.14504541E-06   2.45014962E-05   6.36534241E-05   5.72848076E-05   4.06600520E-06
   99.0000000       0.00000000      0.660000026       10.5419998       26.7271652       7.90000010      0.598411202       10.7487803       8.74070829E-05   7.32613407E-05  0.838162541      -1.71503834E-05  -2.52731716E-05   7.88318648E-05   1.04557446E-04   7.88318648E-05   6.06249669E-05   9.85345177E-05   6.06245485E-05 -0.196212739     -0.344972819     k_33_59_22                                                                         1.32134928E-05   4.30721157E-05   3.38514765E-05   2.49289587E-06   2.10323615E-05   4.78872389E-05   4.56418711E-05   3.26726695E-06
   99.0000000       0.00000000      0.689999998       10.5419998       28.0360184       7.90000010      0.572845042       11.3786726       5.58198590E-05   4.57604037E-05  0.819787145      -1.43351326E-05  -1.83958145E-05   4.86522840E-05   7.01549870E-05   4.86522913E-05   3.65625347E-05   6.41562365E-05   3.65624765E-05 -0.256810635     -0.402002901     k_33_59_23                                                                         1.13492124E-05   3.15940342E-05   2.63971087E-05   1.95519351E-06   1.81400210E-05   3.60748163E-05   3.62780884E-05   2.60598790E-06
   99.0000000       0.00000000      0.720000029       10.5419998       29.7269535       7.90000010      0.547098935       12.0722170       3.46333545E-05   2.78051757E-05  0.802843869      -1.06831967E-05  -1.25534834E-05   2.92917593E-05   4.53165521E-05   2.92917593E-05   2.15283671E-05   4.03586637E-05   2.15285072E-05 -0.308465540     -0.451480091     k_33_59_24                                                                         9.85827774E-06   2.32117054E-05   2.05504821E-05   1.52267694E-06   1.57141567E-05   2.72164289E-05   2.87661569E-05   2.06300592E-06
   99.0000000       0.00000000      0.750000000       10.5419998       32.0054703       7.90000010      0.521215141       12.8382645       2.06570967E-05   1.62965625E-05  0.788908660      -7.27289125E-06  -8.09658741E-06   1.70206495E-05   2.79299875E-05   1.70206495E-05   1.22482252E-05   2.43931536E-05   1.22483134E-05 -0.352077127     -0.496827930     k_33_59_25                                                                         8.64573576E-06   1.71081520E-05   1.59847514E-05   1.17807576E-06   1.36573553E-05   2.05494398E-05   2.27356777E-05   1.61935350E-06
   99.0000000       0.00000000      0.779999971       10.5419998       35.2698364       7.90000010      0.495232135       13.6874990       1.16633555E-05   9.09024584E-06  0.779385149      -4.52551694E-06  -4.85662531E-06   9.40059817E-06   1.61888747E-05   9.40059817E-06   6.66190726E-06   1.39468711E-05   6.66196138E-06 -0.388011575     -0.534267783     k_33_59_26                                                                         7.65105506E-06   1.26932628E-05   1.24550370E-05   9.06848982E-07   1.19195020E-05   1.55472171E-05   1.79304534E-05   1.26148188E-06
   99.0000000       0.00000000      0.810000002       10.5419998       40.4256096       7.90000010      0.469186872       14.6328802       6.02796763E-06   4.66526353E-06  0.773936391      -2.51428105E-06  -2.64241658E-06   4.77082722E-06   8.54224800E-06   4.77082722E-06   3.34405240E-06   7.30768033E-06   3.34405786E-06 -0.417102605     -0.566402435     k_33_59_27                                                                         6.80943003E-06   9.46133514E-06   9.70034762E-06   6.96049028E-07   1.04284172E-05   1.17691907E-05   1.40869734E-05   9.73391252E-07
   99.0000000       0.00000000      0.839999974       10.5419998       50.1933212       7.90000010      0.443111956       15.6903648       2.64403047E-06   2.04371349E-06  0.772953808      -1.16098226E-06  -1.20507957E-06   2.06353911E-06   3.80501251E-06   2.06353911E-06   1.44117166E-06   3.24879329E-06   1.44117621E-06 -0.439095646     -0.589651942     k_33_59_28                                                                         6.10258303E-06   7.09980850E-06   7.56764757E-06   5.31311571E-07   9.16318186E-06   8.93172364E-06   1.10452529E-05   7.45070338E-07
   99.0000000       0.00000000      0.870000005       10.5419998       80.6489792       7.90000010      0.417037696       16.8797512       7.25762277E-07   5.64312472E-07  0.777544498      -3.29697514E-07  -3.40286846E-07   5.60913406E-07   1.05545951E-06   5.60913406E-07   3.94169859E-07   9.04599347E-07   3.94168126E-07 -0.454277545     -0.603011370     k_33_59_29                                                                         5.50162622E-06   5.35875233E-06   5.91005755E-06   4.03578269E-07   8.08554523E-06   6.79470622E-06   8.64111371E-06   5.65350547E-07
