 #! thr0[f,0]/ phr0[f,1]/ pr[f,2]/ ei[f,3]/ th_e[f,4]/ q2[f,5]/ x[f,6]/ plab[f,7]/ crs0[f,8]/ crs12[f,9]/  ratio[f,10]/ crs_ten0[f,11]/ crs_ten12[f,12]/  crs_pol0_-1[f,13]/ crs_pol0_0[f,14]/ crs_pol0_1[f,15]/ crs_pol12_-1[f,16]/ crs_pol12_0[f,17]/ crs_pol12_1[f,18]/ asym0[f,19]/ asym12[f,20]/ ID[s,21]/ w_l[f,22]/ w_t[f,23]/ w_lt[f,24]/ w_tt[f,25]/ w_l_pwia[f,26]/ w_t_pwia[f,27]/ w_lt_pwia[f,28]/ w_tt_pwia[f,29]/ 
   99.0000000       0.00000000       0.00000000       10.5419998       13.7182999       4.80000019      0.998645902       3.37053108       1735.70312       1697.51379      0.977997780      -1.29460758E-02  -6.31076431       1735.69653       1735.71594       1735.69653       1694.35803       1703.82434       1694.35803      -7.45869238E-06  -3.71765136E-03 k_33_28_0                                                                          11.3343630       102.073677       5.90089126E-04  -3.81469727E-05   11.5963306       104.365242       8.67361738E-19   0.00000000    
   99.0000000       0.00000000       2.99999993E-02   10.5419998       13.7349348       4.80000019      0.991205275       3.41041136       847.656250       821.953369      0.969677687       12.0990629       7.55214024       853.705750       835.557190       853.705750       825.729431       814.401245       825.729431       1.42735485E-02   9.18804016E-03 k_33_28_1                                                                          5.39321756       48.1185913       1.69576907       1.13029480E-02   5.56894970       49.6480713       1.72430837       1.14612579E-02
   99.0000000       0.00000000       5.99999987E-02   10.5419998       13.7558041       4.80000019      0.982063353       3.46019030       221.836502       209.273392      0.943367720       12.6231098       10.1594048       228.147995       209.213348       228.147995       214.353073       199.113953       214.353073       5.69027625E-02   4.85460907E-02 k_33_28_2                                                                          1.35690296       11.9592247      0.858931243       1.14350319E-02   1.44369709       12.7021980      0.886952341       1.17383003E-02
   99.0000000       0.00000000       9.00000036E-02   10.5419998       13.7810564       4.80000019      0.971278191       3.52005816       62.5995712       56.5918694      0.904029667       7.95902586       6.57295895       66.5790787       54.6405373       66.5790787       59.8783531       50.0189056       59.8783569      0.127141863      0.116146699     k_33_28_3                                                                         0.365143061       3.16316319      0.349444330       6.98077679E-03  0.406557053       3.51664591      0.370631546       7.31313229E-03
   99.0000000       0.00000000      0.119999997       10.5419998       13.8109179       4.80000019      0.958899081       3.59034777       20.8377228       17.8973885      0.858893692       4.65077066       3.83133864       23.1631088       16.1869507       23.1631069       19.8130550       14.0660505       19.8130608      0.223189965      0.214072496     k_33_28_4                                                                         0.115628108      0.980473340      0.148527846       3.94898653E-03  0.136077598       1.15257525      0.163133577       4.26167250E-03
   99.0000000       0.00000000      0.150000006       10.5419998       13.8456392       4.80000019      0.944993079       3.67139387       7.94172049       6.45900059      0.813299894       2.71161628       2.20911431       9.29752827       5.23010349       9.29752827       7.56355715       4.24988556       7.56355715      0.341439396      0.342021078     k_33_28_5                                                                          4.21525016E-02  0.347898126       6.74808472E-02   2.22654641E-03   5.25542535E-02  0.434058279       7.74229616E-02   2.50807405E-03
   99.0000000       0.00000000      0.180000007       10.5419998       13.8854885       4.80000019      0.929644465       3.76353002       3.35731983       2.62586904      0.782132506       1.59675324       1.28688955       4.15569639       1.76056659       4.15569544       3.26931405       1.33897972       3.26931381      0.475603551      0.490081400     k_33_28_6                                                                          1.75578520E-02  0.139970765       3.27768400E-02   1.28255785E-03   2.26950273E-02  0.181968480       3.93046252E-02   1.51417404E-03
   99.0000000       0.00000000      0.209999993       10.5419998       13.9308262       4.80000019      0.912929237       3.86723638       1.54169190       1.18611443      0.769358933      0.949061334      0.758225858       2.01622248      0.592630684       2.01622224       1.56522632      0.427888483       1.56522787      0.615597248      0.639251888     k_33_28_7                                                                          8.24507698E-03   6.32241890E-02   1.69214178E-02   7.57588074E-04   1.07351858E-02   8.31665546E-02   2.11680532E-02   9.41753387E-04
   99.0000000       0.00000000      0.239999995       10.5419998       13.9820309       4.80000019      0.894943357       3.98297095      0.759695411      0.582507551      0.766764581      0.567498326      0.447322190       1.04344440      0.192197144       1.04344463      0.806167662      0.135185406      0.806169748      0.747007728      0.767925143     k_33_28_8                                                                          4.25337162E-03   3.13300043E-02   9.26315319E-03   4.60872427E-04   5.49690565E-03   4.09390591E-02   1.20385885E-02   6.05214387E-04
   99.0000000       0.00000000      0.270000011       10.5419998       14.0395708       4.80000019      0.875779390       4.11131001      0.399027199      0.312498957      0.783152044      0.340073466      0.263040960      0.569063902       5.89536764E-02  0.569063902      0.444019049       4.94579785E-02  0.444019794      0.852256358      0.841733873     k_33_28_9                                                                          2.42297095E-03   1.71698779E-02   5.39095653E-03   2.90520489E-04   3.02775134E-03   2.15619616E-02   7.21679442E-03   4.03051265E-04
   99.0000000       0.00000000      0.300000012       10.5419998       14.1040020       4.80000019      0.855530977       4.25292921      0.222462580      0.182197839      0.819004416      0.203454688      0.154650733      0.324189931       1.90078951E-02  0.324189901      0.259522855       2.75470894E-02  0.259523541      0.914556921      0.848806620     k_33_28_10                                                                         1.51244772E-03   1.02763921E-02   3.39867081E-03   1.99091155E-04   1.78721442E-03   1.21011129E-02   4.55647288E-03   2.78837048E-04
   99.0000000       0.00000000      0.330000013       10.5419998       14.1759481       4.80000019      0.834301710       4.40853834      0.131067201      0.111493267      0.850657284      0.121014014       8.93198699E-02  0.191574201       1.00532081E-02  0.191574201      0.156152606       2.21733991E-02  0.156153768      0.923297465      0.801123440     k_33_28_11                                                                         9.85096674E-04   6.46856101E-03   2.27030320E-03   1.41823199E-04   1.12610520E-03   7.20618293E-03   3.02399974E-03   2.00455775E-04
   99.0000000       0.00000000      0.360000014       10.5419998       14.2561808       4.80000019      0.812185824       4.57902479       8.11225846E-02   7.07536638E-02  0.872182071       7.12397546E-02   5.01191057E-02  0.116742454       9.88283381E-03  0.116742454       9.58129317E-02   2.06345562E-02   9.58135277E-02  0.878174126      0.708360553     k_33_28_12                                                                         6.65604370E-04   4.22007497E-03   1.59324543E-03   1.07038766E-04   7.53273896E-04   4.52737790E-03   2.10107793E-03   1.49391592E-04
   99.0000000       0.00000000      0.389999986       10.5419998       14.3455782       4.80000019      0.789285600       4.76533318       5.23398183E-02   4.64924909E-02  0.888281465       4.12808917E-02   2.72752866E-02   7.29802698E-02   1.10589312E-02   7.29802772E-02   6.01299666E-02   1.92172024E-02   6.01303056E-02  0.788709104      0.586660028     k_33_28_13                                                                         4.59571427E-04   2.86503788E-03   1.16058427E-03   8.44831811E-05   5.31038793E-04   2.97842384E-03   1.51872030E-03   1.14834169E-04
   99.0000000       0.00000000      0.419999987       10.5419998       14.4452257       4.80000019      0.765691638       4.96863079       3.48994508E-02   3.14177126E-02  0.900235176       2.33794954E-02   1.41268698E-02   4.65891920E-02   1.15199499E-02   4.65891883E-02   3.84811461E-02   1.72908418E-02   3.84811535E-02  0.669910133      0.449646682     k_33_28_14                                                                         3.21593427E-04   2.01060390E-03   8.72494769E-04   6.86151907E-05   3.91328591E-04   2.03476334E-03   1.13363599E-03   9.04564513E-05
   99.0000000       0.00000000      0.449999988       10.5419998       14.5563917       4.80000019      0.741499126       5.19019508       2.38361247E-02   2.15334985E-02  0.903397620       1.27999419E-02   6.11459604E-03   3.02360971E-02   1.10361828E-02   3.02360971E-02   2.45907661E-02   1.54189030E-02   2.45908312E-02  0.536997616      0.283957392     k_33_28_15                                                                         2.37083790E-04   1.42586022E-03   6.75842573E-04   5.48679964E-05   2.98890838E-04   1.43126666E-03   8.66993447E-04   7.24965939E-05
   99.0000000       0.00000000      0.479999989       10.5419998       14.6806173       4.80000019      0.716797292       5.43151522       1.65471900E-02   1.48380557E-02  0.896711528       6.65535685E-03   2.21293303E-03   1.98748671E-02   9.89183038E-03   1.98748689E-02   1.59444734E-02   1.26251234E-02   1.59445740E-02  0.402204663      0.149139017     k_33_28_16                                                                         1.80260948E-04   1.01477874E-03   5.31175057E-04   4.57611168E-05   2.34882056E-04   1.02904881E-03   6.74764335E-04   5.87469258E-05
   99.0000000       0.00000000      0.509999990       10.5419998       14.8197813       4.80000019      0.691669643       5.69432735       1.16001246E-02   1.03668990E-02  0.893688560       3.17223952E-03   4.73853113E-04   1.31862452E-02   8.42788536E-03   1.31862452E-02   1.06038162E-02   9.89304576E-03   1.06038339E-02  0.273465991       4.57082801E-02 k_33_28_17                                                                         1.39293013E-04   7.40825664E-04   4.20013792E-04   3.78466793E-05   1.88754522E-04   7.51734478E-04   5.31427737E-04   4.78823204E-05
   99.0000000       0.00000000      0.540000021       10.5419998       14.9761858       4.80000019      0.666195571       5.98063564       8.16895813E-03   7.23176217E-03  0.885273516       1.26778113E-03  -3.24177236E-04   8.80284887E-03   6.90117758E-03   8.80284887E-03   7.06967013E-03   7.55593972E-03   7.06967758E-03  0.155194953      -4.48268652E-02 k_33_28_18                                                                         1.09448549E-04   5.43543021E-04   3.32098774E-04   3.10437754E-05   1.54361624E-04   5.55376464E-04   4.21679724E-04   3.90936621E-05
   99.0000000       0.00000000      0.569999993       10.5419998       15.1526670       4.80000019      0.640452266       6.29273367       5.75531973E-03   5.01596136E-03  0.871534765       2.83217872E-04  -6.29008748E-04   5.89692919E-03   5.47210174E-03   5.89692825E-03   4.70145047E-03   5.64496964E-03   4.70146257E-03   4.92097549E-02 -0.125401437     k_33_28_19                                                                         8.73556783E-05   3.98950884E-04   2.62086804E-04   2.52877944E-05   1.27992942E-04   4.13568632E-04   3.36030906E-04   3.18773382E-05
   99.0000000       0.00000000      0.600000024       10.5419998       15.3528109       4.80000019      0.614507198       6.63335133       4.04255698E-03   3.45344422E-03  0.854272246      -1.78794158E-04  -6.85841078E-04   3.95316025E-03   4.22135135E-03   3.95316025E-03   3.11052101E-03   4.13928553E-03   3.11052706E-03  -4.42279875E-02 -0.198596254     k_33_28_20                                                                         7.10624299E-05   2.92682205E-04   2.06385128E-04   2.02105002E-05   1.07283107E-04   3.09600320E-04   2.68241740E-04   2.58969958E-05
   99.0000000       0.00000000      0.629999995       10.5419998       15.5811434       4.80000019      0.588426173       7.00563717       2.82284548E-03   2.35891296E-03  0.835650742      -3.54883203E-04  -6.25156390E-04   2.64540385E-03   3.17772897E-03   2.64540385E-03   2.04633339E-03   2.98406975E-03   2.04633665E-03 -0.125718251     -0.265018851     k_33_28_21                                                                         5.86808055E-05   2.14622283E-04   1.62053970E-04   1.62524811E-05   9.06951755E-05   2.32563631E-04   2.14104541E-04   2.09238933E-05
   99.0000000       0.00000000      0.660000026       10.5419998       15.8435221       4.80000019      0.562268078       7.41331196       1.95727870E-03   1.59935281E-03  0.817130864      -3.84042971E-04  -5.21051115E-04   1.76525710E-03   2.34132120E-03   1.76525675E-03   1.33882987E-03   2.12040381E-03   1.33882463E-03 -0.196212724     -0.325788736     k_33_28_22                                                                         4.92948602E-05   1.57737682E-04   1.27130872E-04   1.28688407E-05   7.72956701E-05   1.75298221E-04   1.70872750E-04   1.68135230E-05
   99.0000000       0.00000000      0.689999998       10.5419998       16.1476307       4.80000019      0.536086977       7.86077738       1.34318334E-03   1.07540865E-03  0.800641775      -3.44943866E-04  -4.09289554E-04   1.17071148E-03   1.68812729E-03   1.17071148E-03   8.70762393E-04   1.48469803E-03   8.70765303E-04 -0.256810725     -0.380589783     k_33_28_23                                                                         4.20450742E-05   1.16211580E-04   9.96637318E-05   1.01477235E-05   6.62591701E-05   1.32346293E-04   1.36094182E-04   1.34105867E-05
   99.0000000       0.00000000      0.720000029       10.5419998       16.5037575       4.80000019      0.509932637       8.35324860       9.10828006E-04   7.16239389E-04  0.786360741      -2.80959153E-04  -3.09087161E-04   7.70348415E-04   1.19178707E-03   7.70348415E-04   5.61695197E-04   1.02532655E-03   5.61696535E-04 -0.308465660     -0.431541711     k_33_28_24                                                                         3.63255385E-05   8.59038410E-05   7.81088456E-05   7.93768777E-06   5.71102064E-05   1.00091827E-04   1.08177373E-04   1.06163170E-05
   99.0000000       0.00000000      0.750000000       10.5419998       16.9260502       4.80000019      0.483849168       8.89699078       6.08600210E-04   4.70703468E-04  0.773419797      -2.14274274E-04  -2.22932678E-04   5.01463132E-04   8.22874543E-04   5.01463132E-04   3.59237165E-04   6.93636190E-04   3.59237136E-04 -0.352077216     -0.473615974     k_33_28_25                                                                         3.17163394E-05   6.35951728E-05   6.10956413E-05   6.15492900E-06   4.94408159E-05   7.57784655E-05   8.57473278E-05   8.33331433E-06
   99.0000000       0.00000000      0.779999971       10.5419998       17.4345169       4.80000019      0.457876295       9.49956036       4.00107121E-04   3.05692723E-04  0.764027178      -1.55246205E-04  -1.56235532E-04   3.22484033E-04   5.55353297E-04   3.22484033E-04   2.27574725E-04   4.61928284E-04   2.27575249E-04 -0.388011605     -0.511086881     k_33_28_26                                                                         2.79885207E-05   4.73668551E-05   4.78795919E-05   4.75569686E-06   4.30268628E-05   5.75022423E-05   6.78534707E-05   6.49168032E-06
   99.0000000       0.00000000      0.810000002       10.5419998       18.0584698       4.80000019      0.432049990       10.1701288       2.57508742E-04   1.95219778E-04  0.758109331      -1.07407577E-04  -1.05682171E-04   2.03804957E-04   3.64916312E-04   2.03804957E-04   1.42380231E-04   3.00901971E-04   1.42377190E-04 -0.417102635     -0.541349709     k_33_28_27                                                                         2.48841206E-05   3.54630683E-05   3.75284544E-05   3.64345942E-06   3.75762938E-05   4.36687551E-05   5.35179788E-05   5.00911119E-06
   99.0000000       0.00000000      0.839999974       10.5419998       18.8428459       4.80000019      0.406401336       10.9199953       1.61791744E-04   1.22360929E-04  0.756286621      -7.10420645E-05  -6.87174106E-05   1.26270708E-04   2.32833816E-04   1.26270708E-04   8.80017396E-05   1.91078318E-04   8.80026928E-05 -0.439095736     -0.561596036     k_33_28_28                                                                         2.23195384E-05   2.67561645E-05   2.95046993E-05   2.79329288E-06   3.29910326E-05   3.32549316E-05   4.21526129E-05   3.83418683E-06
   99.0000000       0.00000000      0.870000005       10.5419998       19.8605080       4.80000019      0.380958140       11.7631693       9.85479928E-05   7.46591322E-05  0.757591605      -4.47681377E-05  -4.26752777E-05   7.61639239E-05   1.43316138E-04   7.61639239E-05   5.33210987E-05   1.17334406E-04   5.33218772E-05 -0.454277515     -0.571601570     k_33_28_29                                                                         2.01453131E-05   2.03191194E-05   2.32422044E-05   2.13177191E-06   2.91151609E-05   2.53907347E-05   3.31491574E-05   2.90933349E-06
   99.0000000       0.00000000      0.899999976       10.5419998       21.2388573       4.80000019      0.355745345       12.7172213       5.75705963E-05   4.39413452E-05  0.763260186      -2.66119459E-05  -2.56219373E-05   4.42646196E-05   8.41825458E-05   4.42646233E-05   3.11302065E-05   6.95632771E-05   3.11305521E-05 -0.462248921     -0.583094060     k_33_28_30                                                                         1.82877775E-05   1.55574562E-05   1.83646716E-05   1.61667867E-06   2.58221935E-05   1.94295608E-05   2.60197212E-05   2.18622972E-06
   99.0000000       0.00000000      0.930000007       10.5419998       23.2255611       4.80000019      0.330783457       13.8045845       3.17531267E-05   2.45186493E-05  0.772164881      -1.46776974E-05  -1.43545940E-05   2.44142757E-05   4.64308250E-05   2.44142757E-05   1.73412373E-05   3.88732442E-05   1.73414628E-05 -0.462244153     -0.585456133     k_33_28_31                                                                         1.67119706E-05   1.20085497E-05   1.45494105E-05   1.22013671E-06   2.30625628E-05   1.49256084E-05   2.04220869E-05   1.62855986E-06
   99.0000000       0.00000000      0.959999979       10.5419998       26.3851242       4.80000019      0.306090891       15.0542212       1.60007367E-05   1.25389015E-05  0.783645272      -7.25326800E-06  -7.20512389E-06   1.23741020E-05   2.32540096E-05   1.23741038E-05   8.93642300E-06   1.97440240E-05   8.93625838E-06 -0.453308374     -0.574621618     k_33_28_32                                                                         1.54033369E-05   9.33051888E-06   1.15732719E-05   9.16576028E-07   2.07688336E-05   1.15169514E-05   1.60417858E-05   1.20239156E-06
   99.0000000       0.00000000      0.990000010       10.5419998       32.4127159       4.80000019      0.281683236       16.5042515       6.81154825E-06   5.43519263E-06  0.797937930      -2.96238750E-06  -3.00526199E-06   5.33035427E-06   9.77393665E-06   5.33035427E-06   3.93254550E-06   8.44045371E-06   3.93257687E-06 -0.434906632     -0.552926481     k_33_28_33                                                                         1.43788502E-05   7.32029730E-06   9.27136898E-06   6.86807880E-07   1.89356069E-05   8.95382618E-06   1.26562418E-05   8.81830147E-07
   99.0000000       0.00000000       1.01999998       10.5419998       51.1263046       4.80000019      0.257573575       18.2058525       1.75779326E-06   1.43177976E-06  0.814532518      -7.11127655E-07  -7.51043956E-07   1.40222949E-06   2.46892068E-06   1.40222949E-06   1.05625884E-06   2.18282389E-06   1.05625679E-06 -0.404557049     -0.524552703     k_33_28_34                                                                         1.35520540E-05   5.78364688E-06   7.48010143E-06   5.13535952E-07   1.74956967E-05   7.01027193E-06   1.00315101E-05   6.41467068E-07
