 #! thr0[f,0]/ phr0[f,1]/ pr[f,2]/ ei[f,3]/ th_e[f,4]/ q2[f,5]/ x[f,6]/ plab[f,7]/ crs0[f,8]/ crs12[f,9]/  ratio[f,10]/ crs_ten0[f,11]/ crs_ten12[f,12]/  crs_pol0_-1[f,13]/ crs_pol0_0[f,14]/ crs_pol0_1[f,15]/ crs_pol12_-1[f,16]/ crs_pol12_0[f,17]/ crs_pol12_1[f,18]/ asym0[f,19]/ asym12[f,20]/ ID[s,21]/ w_l[f,22]/ w_t[f,23]/ w_lt[f,24]/ w_tt[f,25]/ w_l_pwia[f,26]/ w_t_pwia[f,27]/ w_lt_pwia[f,28]/ w_tt_pwia[f,29]/ 
   99.0000000       0.00000000       0.00000000       10.5419998       10.2355452       3.00000000      0.998428345       2.35877180       15472.6504       15155.7129      0.979516268     -0.115333863      -56.1580696       15472.5918       15472.7656       15472.5918       15127.6357       15211.8701       15127.6357      -7.45404714E-06  -3.70540610E-03 k_33_10_0                                                                          43.2947922       310.862366      -2.34684077E-04   0.00000000       44.2289810       317.332642       3.46944695E-18   0.00000000    
   99.0000000       0.00000000       2.99999993E-02   10.5419998       10.2433825       3.00000000      0.989994586       2.38809228       7618.18115       7379.22656      0.968633652       108.739761       65.8633347       7672.55029       7509.44141       7672.55029       7412.15771       7313.36182       7412.15771       1.42737171E-02   8.92550685E-03 k_33_10_1                                                                          20.5172386       146.146637       5.41628265       4.60433960E-02   21.2152119       150.960358       5.51105165       4.67834473E-02
   99.0000000       0.00000000       5.99999987E-02   10.5419998       10.2533836       3.00000000      0.979464412       2.42534137       2009.49829       1893.85510      0.942451715       114.345810       91.4015732       2066.67139       1895.15271       2066.67139       1939.55554       1802.45337       1939.55554       5.69026656E-02   4.82621789E-02 k_33_10_2                                                                          5.15172577       36.3200111       2.74105954       4.66461182E-02   5.48927164       38.6226196       2.83334112       4.78935242E-02
   99.0000000       0.00000000       9.00000036E-02   10.5419998       10.2656240       3.00000000      0.966918290       2.47068024       571.415039       520.287659      0.910524964       72.6508942       60.5670853       607.740540       498.764160       607.740479       550.571228       459.720612       550.571228      0.127142072      0.116410770     k_33_10_3                                                                          1.39236879       9.68668938       1.11966836       2.85735130E-02   1.54164886       10.6930332       1.18330288       2.98409462E-02
   99.0000000       0.00000000      0.119999997       10.5419998       10.2801886       3.00000000      0.952458441       2.52428174       191.640259       164.955780      0.860757470       42.7721710       35.3705406       213.026337       148.868103       213.026337       182.641052       129.585266       182.641129      0.223189905      0.214424372     k_33_10_4                                                                         0.436346292       2.98526859      0.474134952       1.60942078E-02  0.514192581       3.50475502      0.520509303       1.73902512E-02
   99.0000000       0.00000000      0.150000006       10.5419998       10.2971830       3.00000000      0.936197579       2.58636451       73.5808792       60.4041443      0.820921779       25.1234093       20.7025433       86.1426010       48.4574699       86.1425858       70.7553940       39.7016029       70.7554474      0.341439366      0.342733830     k_33_10_5                                                                         0.159265116       1.06752825      0.215872198       9.10234451E-03  0.197720513       1.31996727      0.246869415       1.02344751E-02
   99.0000000       0.00000000      0.180000007       10.5419998       10.3167276       3.00000000      0.918262780       2.65717697       31.3355522       24.8930206      0.794401824       14.9033003       12.2404490       38.7872009       16.4322529       38.7872009       31.0132389       12.6525707       31.0132504      0.475603551      0.491722137     k_33_10_6                                                                          6.62516356E-02  0.432856977      0.105028011       5.25097549E-03   8.49342123E-02  0.553420424      0.125239491       6.17879629E-03
   99.0000000       0.00000000      0.209999993       10.5419998       10.3389702       3.00000000      0.898787856       2.73702002       14.4959335       11.5245714      0.795020998       8.92365551       7.34824228       18.9577618       5.57227707       18.9577618       15.1986866       4.17632771       15.1986980      0.615597188      0.637615204     k_33_10_7                                                                          3.15218754E-02  0.199714750       5.47200516E-02   3.12398374E-03   3.99260819E-02  0.252971828       6.74016401E-02   3.84298712E-03
   99.0000000       0.00000000      0.239999995       10.5419998       10.3640728       3.00000000      0.877917111       2.82622838       7.19666386       5.78197098      0.803423822       5.37596273       4.41230345       9.88464451       1.82070124       9.88464451       7.98810768       1.36966813       7.98813772      0.747007608      0.763114095     k_33_10_8                                                                          1.63989011E-02  0.100933962       3.01252156E-02   1.90669298E-03   2.02968698E-02  0.124554008       3.83054242E-02   2.46967003E-03
   99.0000000       0.00000000      0.270000011       10.5419998       10.3922291       3.00000000      0.855798662       2.92519259       3.80893612       3.13074470      0.821947277       3.24618983       2.63450694       5.43203020      0.562745512       5.43203020       4.44799709      0.496237397       4.44799995      0.852256298      0.841495275     k_33_10_9                                                                          9.27571394E-03   5.54438420E-02   1.77103244E-02   1.22031942E-03   1.10880276E-02   6.56205565E-02   2.29473002E-02   1.64470822E-03
   99.0000000       0.00000000      0.300000012       10.5419998       10.4236679       3.00000000      0.832577586       3.03438520       2.14026237       1.83412933      0.856964707       1.95739162       1.56760883       3.11895823      0.182870716       3.11895800       2.61793733      0.266520679       2.61793065      0.914556861      0.854688287     k_33_10_10                                                                         5.72522311E-03   3.32490727E-02   1.11186011E-02   8.29452649E-04   6.48483727E-03   3.68429869E-02   1.44789489E-02   1.13782845E-03
   99.0000000       0.00000000      0.330000013       10.5419998       10.4586506       3.00000000      0.808402359       3.15433478       1.27128553       1.16350281      0.915217519       1.17377448      0.945297897       1.85817266       9.75110233E-02   1.85817289       1.63614905      0.218205005       1.63615489      0.923297286      0.812458634     k_33_10_11                                                                         3.87302181E-03   2.15776488E-02   7.62579869E-03   6.03604130E-04   4.04452393E-03   2.19517667E-02   9.60372761E-03   8.17988068E-04
   99.0000000       0.00000000      0.360000014       10.5419998       10.4974842       3.00000000      0.783416033       3.28566337      0.793588579      0.724797308      0.913316190      0.696908832      0.530704021       1.14204299       9.66796651E-02   1.14204288      0.990155876      0.194093272      0.990142405      0.878173947      0.732210279     k_33_10_12                                                                         2.51279585E-03   1.37179382E-02   5.24562644E-03   4.46167309E-04   2.67559569E-03   1.38009991E-02   6.66940957E-03   6.09611627E-04
   99.0000000       0.00000000      0.389999986       10.5419998       10.5405321       3.00000000      0.757755399       3.42909861      0.516644895      0.478007376      0.925214529      0.407482564      0.300661176      0.720386326      0.109162390      0.720386207      0.628337383      0.177346215      0.628338635      0.788709164      0.628988564     k_33_10_13                                                                         1.74252421E-03   9.22589004E-03   3.84692871E-03   3.50688584E-04   1.86396332E-03   9.08717699E-03   4.81905695E-03   4.68595885E-04
   99.0000000       0.00000000      0.419999987       10.5419998       10.5882177       3.00000000      0.731552601       3.58547282      0.347801179      0.319147974      0.917616129      0.232995555      0.159591630      0.464298934      0.114805616      0.464298934      0.398944169      0.159556374      0.398943394      0.669910192      0.500055254     k_33_10_14                                                                         1.21985935E-03   6.28235284E-03   2.88981805E-03   2.67802505E-04   1.35653478E-03   6.21475186E-03   3.59632145E-03   3.69119691E-04
   99.0000000       0.00000000      0.449999988       10.5419998       10.6410408       3.00000000      0.704932094       3.75574756      0.239989653      0.221242428      0.921883166      0.128873855       8.52075145E-02  0.304426610      0.111115813      0.304426640      0.263845891      0.136034936      0.263846546      0.536997557      0.385131896     k_33_10_15                                                                         9.00568615E-04   4.44820244E-03   2.24101916E-03   2.33154045E-04   1.02282409E-03   4.37722448E-03   2.75026984E-03   2.95833219E-04
   99.0000000       0.00000000      0.479999989       10.5419998       10.6995945       3.00000000      0.678008974       3.94104075      0.168450043      0.153661281      0.912206829       6.77513927E-02   3.95366177E-02  0.202325746      0.100698642      0.202325746      0.173429176      0.114124678      0.173430011      0.402204663      0.257297188     k_33_10_16                                                                         6.61373721E-04   3.18583078E-03   1.73818821E-03   1.93655025E-04   7.93338986E-04   3.15207522E-03   2.14078953E-03   2.39725923E-04
   99.0000000       0.00000000      0.509999990       10.5419998       10.7645864       3.00000000      0.650890231       4.14264822      0.119510755      0.107284904      0.897700846       3.26821283E-02   1.25837363E-02  0.135851800       8.68286341E-02  0.135851800      0.113576420       9.47011709E-02  0.113577142      0.273465991      0.117292702     k_33_10_17                                                                         4.88052639E-04   2.31310842E-03   1.35302229E-03   1.59461983E-04   6.29298913E-04   2.30690697E-03   1.68665580E-03   1.95390778E-04
   99.0000000       0.00000000      0.540000021       10.5419998       10.8368683       3.00000000      0.623671949       4.36208010       8.52690414E-02   7.50495493E-02  0.880150020       1.32333217E-02   3.03207693E-04   9.18856859E-02   7.20357075E-02   9.18857083E-02   7.52009824E-02   7.47463256E-02   7.52013028E-02  0.155194923       4.04010015E-03 k_33_10_18                                                                         3.76909185E-04   1.67857925E-03   1.06492231E-03   1.28374144E-04   5.08151657E-04   1.70802325E-03   1.33917772E-03   1.59527117E-04
   99.0000000       0.00000000      0.569999993       10.5419998       10.9174671       3.00000000      0.596443415       4.60107803       6.09462894E-02   5.27390689E-02  0.865336835       2.99915322E-03  -4.82018432E-03   6.24458678E-02   5.79471365E-02   6.24458678E-02   5.03288768E-02   5.75592518E-02   5.03290817E-02   4.92097773E-02  -9.13968384E-02 k_33_10_19                                                                         2.95690261E-04   1.23447715E-03   8.39904242E-04   1.04408595E-04   4.16285679E-04   1.27509562E-03   1.06816180E-03   1.30079978E-04
   99.0000000       0.00000000      0.600000024       10.5419998       11.0076380       3.00000000      0.569281816       4.86170244       4.34978753E-02   3.67854163E-02  0.845683038      -1.92382408E-03  -6.20585540E-03   4.25359644E-02   4.54217009E-02   4.25359644E-02   3.36824171E-02   4.29912731E-02   3.36825661E-02  -4.42280024E-02 -0.168704227     k_33_10_20                                                                         2.36775697E-04   9.04617948E-04   6.60691119E-04   8.36603285E-05   3.45021195E-04   9.57283890E-04   8.53743579E-04   1.05676590E-04
   99.0000000       0.00000000      0.629999995       10.5419998       11.1089201       3.00000000      0.542258620       5.14633560       3.09203696E-02   2.55959574E-02  0.827802420      -3.88725963E-03  -6.05969969E-03   2.89767403E-02   3.48076262E-02   2.89767403E-02   2.25661267E-02   3.16556580E-02   2.25660857E-02 -0.125718415     -0.236744404     k_33_10_21                                                                         1.92945081E-04   6.65695290E-04   5.20225149E-04   6.69444271E-05   2.88703945E-04   7.21414573E-04   6.82532089E-04   8.53827514E-05
   99.0000000       0.00000000      0.660000026       10.5419998       11.2232361       3.00000000      0.515434861       5.45780516       2.18745992E-02   1.77401882E-02  0.810994864      -4.29207459E-03  -5.31398924E-03   1.97285656E-02   2.61666737E-02   1.97285637E-02   1.50831733E-02   2.30541769E-02   1.50832152E-02 -0.196212724     -0.299545258     k_33_10_22                                                                         1.60264608E-04   4.91593266E-04   4.09837055E-04   5.31270634E-05   2.43837203E-04   5.45748626E-04   5.45805728E-04   6.86099811E-05
   99.0000000       0.00000000      0.689999998       10.5419998       11.3530045       3.00000000      0.488863945       5.79945087       1.53585058E-02   1.22134667E-02  0.795224905      -3.94422840E-03  -4.18987544E-03   1.33863902E-02   1.93027332E-02   1.33863902E-02   1.01184975E-02   1.64033417E-02   1.01185609E-02 -0.256810695     -0.343053728     k_33_10_23                                                                         1.36083399E-04   3.62578110E-04   3.23080429E-04   4.19669668E-05   2.07414691E-04   4.13681031E-04   4.35769529E-04   5.47237723E-05
   99.0000000       0.00000000      0.720000029       10.5419998       11.5013132       3.00000000      0.462592542       6.17523909       1.06919007E-02   8.36901926E-03  0.782743812      -3.29808355E-03  -3.33339209E-03   9.04285908E-03   1.39899859E-02   9.04286001E-03   6.70234580E-03   1.17024127E-02   6.70230249E-03 -0.308465600     -0.398301393     k_33_10_24                                                                         1.16263982E-04   2.69721641E-04   2.54496146E-04   3.29029353E-05   1.77650320E-04   3.14238016E-04   3.47383233E-04   4.33213572E-05
   99.0000000       0.00000000      0.750000000       10.5419998       11.6721678       3.00000000      0.436660051       6.58992863       7.36556714E-03   5.71420556E-03  0.775799811      -2.59324838E-03  -2.55212281E-03   6.06894400E-03   9.95881576E-03   6.06894260E-03   4.43812087E-03   8.26632790E-03   4.43816697E-03 -0.352077216     -0.446627766     k_33_10_25                                                                         1.00960220E-04   2.02352618E-04   2.01108429E-04   2.56857675E-05   1.53045010E-04   2.39040222E-04   2.76290142E-04   3.40052502E-05
   99.0000000       0.00000000      0.779999971       10.5419998       11.8708687       3.00000000      0.411099643       7.04926252       5.01965033E-03   3.86844738E-03  0.770660758      -1.94768235E-03  -1.86699384E-03   4.04580962E-03   6.96733315E-03   4.04581008E-03   2.93494365E-03   5.73544065E-03   2.93495716E-03 -0.388011545     -0.482620984     k_33_10_26                                                                         8.88671566E-05   1.52293505E-04   1.59121904E-04   1.99592105E-05   1.32732675E-04   1.82316537E-04   2.19496404E-04   2.64901901E-05
   99.0000000       0.00000000      0.810000002       10.5419998       12.1045742       3.00000000      0.385939300       7.56021738       3.37293046E-03   2.59215408E-03  0.768516898      -1.40685809E-03  -1.32753106E-03   2.66950112E-03   4.77978867E-03   2.66950182E-03   1.92838453E-03   3.91968479E-03   1.92839256E-03 -0.417102605     -0.512134314     k_33_10_27                                                                         7.89668338E-05   1.15181829E-04   1.25948209E-04   1.53937326E-05   1.15681512E-04   1.39207623E-04   1.73909488E-04   2.04403623E-05
   99.0000000       0.00000000      0.839999974       10.5419998       12.3832102       3.00000000      0.361201078       8.13138199       2.23391480E-03   1.71867386E-03  0.769355178      -9.80902230E-04  -9.16605990E-04   1.74346357E-03   3.21481703E-03   1.74346380E-03   1.26036222E-03   2.63527967E-03   1.26037945E-03 -0.439095646     -0.533321679     k_33_10_28                                                                         7.08576990E-05   8.76617050E-05   9.99850890E-05   1.18425814E-05   1.01493708E-04   1.06614723E-04   1.37688636E-04   1.56459137E-05
   99.0000000       0.00000000      0.870000005       10.5419998       12.7209635       3.00000000      0.336902887       8.77341557       1.45385112E-03   1.12534489E-03  0.774044096      -6.60452002E-04  -6.18985738E-04   1.12362509E-03   2.11430318E-03   1.12362509E-03   8.15848645E-04   1.74433063E-03   8.15855281E-04 -0.454277605     -0.550040901     k_33_10_29                                                                         6.40710787E-05   6.73264949E-05   7.95851229E-05   9.06257810E-06   8.96189085E-05   8.18841945E-05   1.08919034E-04   1.18719145E-05
   99.0000000       0.00000000      0.899999976       10.5419998       13.1388817       3.00000000      0.313059300       9.49968052       9.25846980E-04   7.24157610E-04  0.782156885      -4.27971769E-04  -4.05438128E-04   7.11861008E-04   1.35381881E-03   7.11861008E-04   5.21442154E-04   1.12959580E-03   5.21434937E-04 -0.462248921     -0.559875548     k_33_10_30                                                                         5.82813191E-05   5.20717003E-05   6.35337565E-05   6.90974412E-06   7.96193854E-05   6.30410868E-05   8.60662913E-05   8.92119897E-06
   99.0000000       0.00000000      0.930000007       10.5419998       13.6697245       3.00000000      0.289680213       10.3272362       5.74841280E-04   4.55300091E-04  0.792044878      -2.65717012E-04  -2.55756197E-04   4.41982789E-04   8.40558263E-04   4.41982760E-04   3.27421119E-04   7.11056287E-04   3.27422895E-04 -0.462244123     -0.561731040     k_33_10_31                                                                         5.34423671E-05   4.05034589E-05   5.08910052E-05   5.23476774E-06   7.13094778E-05   4.87277648E-05   6.80630546E-05   6.64562867E-06
   99.0000000       0.00000000      0.959999979       10.5419998       14.3676100       3.00000000      0.266773015       11.2781038       3.45508481E-04   2.77366955E-04  0.802779019      -1.56621871E-04  -1.53521032E-04   2.67197494E-04   5.02130308E-04   2.67197465E-04   2.00608265E-04   4.30887972E-04   2.00604656E-04 -0.453308314     -0.553494334     k_33_10_32                                                                         4.94063679E-05   3.16799087E-05   4.08305314E-05   3.94913877E-06   6.44569300E-05   3.78327568E-05   5.39203284E-05   4.90651291E-06
   99.0000000       0.00000000      0.990000010       10.5419998       15.3295431       3.00000000      0.244342029       12.3812847       1.99272472E-04   1.62262659E-04  0.814275324      -8.66649207E-05  -8.68793286E-05   1.55940012E-04   2.85937334E-04   1.55940012E-04   1.18822936E-04   2.49142002E-04   1.18823111E-04 -0.434906632     -0.535424054     k_33_10_33                                                                         4.62354110E-05   2.49854966E-05   3.29923241E-05   2.93988069E-06   5.90395503E-05   2.95953250E-05   4.29513275E-05   3.59843852E-06
   99.0000000       0.00000000       1.01999998       10.5419998       16.7504921       3.00000000      0.222389475       13.6756983       1.07994347E-04   8.91610107E-05  0.825608134      -4.36898590E-05  -4.54804031E-05   8.61493972E-05   1.51684188E-04   8.61493900E-05   6.64211257E-05   1.34641406E-04   6.64204781E-05 -0.404556900     -0.510092974     k_33_10_34                                                                         4.37421731E-05   1.98408306E-05   2.67657397E-05   2.17905199E-06   5.48449934E-05   2.33128576E-05   3.44149230E-05   2.61761670E-06
   99.0000000       0.00000000       1.04999995       10.5419998       19.0984383       3.00000000      0.200915709       15.2148123       5.30142461E-05   4.43082026E-05  0.835779190      -1.91594572E-05  -2.09446425E-05   4.34345275E-05   7.21737015E-05   4.34345056E-05   3.38359278E-05   6.52528470E-05   3.38358404E-05 -0.361402065     -0.472703487     k_33_10_35                                                                         4.20819888E-05   1.58894400E-05   2.19585872E-05   1.60786931E-06   5.19902678E-05   1.85694080E-05   2.78890275E-05   1.89433104E-06
   99.0000000       0.00000000       1.08000004       10.5419998       23.9215374       3.00000000      0.179918513       17.0742397       2.10725557E-05   1.78220398E-05  0.845746458      -6.34550588E-06  -7.51200014E-06   1.78998034E-05   2.74180675E-05   1.78998052E-05   1.40659668E-05   2.53340422E-05   1.40661105E-05 -0.301126540     -0.421500593     k_33_10_36                                                                         4.11043438E-05   1.27887470E-05   1.81534997E-05   1.17759328E-06   5.01739087E-05   1.48808240E-05   2.27820656E-05   1.35493883E-06
   99.0000000       0.00000000       1.11000001       10.5419998       43.7551155       3.00000000      0.159395114       19.3643188       3.91452841E-06   3.35405730E-06  0.856822848      -8.83617361E-07  -1.20287575E-06   3.47271953E-06   4.79814480E-06   3.47271771E-06   2.75261527E-06   4.55693271E-06   2.75262414E-06 -0.225727662     -0.358633041     k_33_10_37                                                                         4.15448267E-05   1.04939554E-05   1.53858909E-05   8.67002655E-07   5.01650684E-05   1.21634030E-05   1.90646988E-05   9.69207576E-07
