 #! thr0[f,0]/ phr0[f,1]/ pr[f,2]/ ei[f,3]/ th_e[f,4]/ q2[f,5]/ x[f,6]/ plab[f,7]/ crs0[f,8]/ crs12[f,9]/  ratio[f,10]/ crs_ten0[f,11]/ crs_ten12[f,12]/  crs_pol0_-1[f,13]/ crs_pol0_0[f,14]/ crs_pol0_1[f,15]/ crs_pol12_-1[f,16]/ crs_pol12_0[f,17]/ crs_pol12_1[f,18]/ asym0[f,19]/ asym12[f,20]/ ID[s,21]/ w_l[f,22]/ w_t[f,23]/ w_lt[f,24]/ w_tt[f,25]/ w_l_pwia[f,26]/ w_t_pwia[f,27]/ w_lt_pwia[f,28]/ w_tt_pwia[f,29]/ 
   99.0000000       0.00000000       0.00000000       10.5419998       18.1692772       7.09999990      0.998763502       4.63146925       232.301590       227.128769      0.977732301      -1.71649782E-03 -0.836449087       232.300720       232.303299       232.300720       226.710510       227.965195       226.710510      -7.38909193E-06  -3.68270860E-03 k_33_51_0                                                                          3.58296251       37.3964462       1.73983917E-05   3.62396240E-05   3.66611505       38.2473068       2.16840434E-19   0.00000000    
   99.0000000       0.00000000       2.99999993E-02   10.5419998       18.2049599       7.09999990      0.991896451       4.68494940       112.461899       109.053490      0.969692767       1.60525966       1.01191258       113.264526       110.856659       113.264526       109.559471       108.041611       109.559471       1.42738093E-02   9.27904807E-03 k_33_51_1                                                                          1.70653152       17.6360321      0.604337454       3.14807892E-03   1.76211178       18.1949615      0.614513576       3.20053101E-03
   99.0000000       0.00000000       5.99999987E-02   10.5419998       18.2492352       7.09999990      0.983559728       4.75084591       29.1761189       27.5786171      0.945246279       1.66020298       1.33951151       30.0062199       27.5159168       30.0062180       28.2483826       26.2391090       28.2483788       5.69028035E-02   4.85706553E-02 k_33_51_2                                                                         0.431362718       4.39287806      0.306605697       3.19719315E-03  0.457481891       4.65512514      0.316206038       3.27587128E-03
   99.0000000       0.00000000       9.00000036E-02   10.5419998       18.3026524       7.09999990      0.973765135       4.82966328       8.16085625       7.38751984      0.905238330       1.03758705      0.856652617       8.67964745       7.12326670       8.67964840       7.81584597       6.53086710       7.81584692      0.127141938      0.115959436     k_33_51_3                                                                         0.116342880       1.16167998      0.124808975       1.94847584E-03  0.129095361       1.28882182      0.132186785       2.04086304E-03
   99.0000000       0.00000000      0.119999997       10.5419998       18.3656445       7.09999990      0.962568700       4.92166567       2.69233418       2.30663776      0.856742740      0.600902081      0.492705911       2.99278545       2.09143209       2.99278498       2.55299115       1.81393218       2.55299091      0.223190010      0.213603511     k_33_51_4                                                                          3.68474685E-02  0.358870625       5.29750809E-02   1.09936297E-03   4.33259308E-02  0.422418773       5.82072362E-02   1.18941069E-03
   99.0000000       0.00000000      0.150000006       10.5419998       18.4388924       7.09999990      0.950007439       5.02739096       1.01676452      0.824967861      0.811365724      0.347163498      0.280767888       1.19034624      0.669601023       1.19034648      0.965351522      0.544199944      0.965352178      0.341439426      0.340337962     k_33_51_5                                                                          1.35461111E-02  0.127391472       2.41207369E-02   6.22421503E-04   1.67892519E-02  0.159086019       2.76378728E-02   6.99989498E-04
   99.0000000       0.00000000      0.180000007       10.5419998       18.5231342       7.09999990      0.936135888       5.14734983      0.425797403      0.328104734      0.770565391      0.202510789      0.160720751      0.527052760      0.223286644      0.527052820      0.408465028      0.167384014      0.408465177      0.475603640      0.489845872     k_33_51_6                                                                          5.59710525E-03   5.05554155E-02   1.16533218E-02   3.56363133E-04   7.27971690E-03   6.66941628E-02   1.40374666E-02   4.22589481E-04
   99.0000000       0.00000000      0.209999993       10.5419998       18.6192589       7.09999990      0.921013594       5.28213501      0.193624958      0.144172952      0.744598985      0.119194992       9.27821249E-02  0.253222466       7.44299740E-02  0.253222466      0.190563828       5.13908230E-02  0.190564200      0.615597248      0.643547356     k_33_51_7                                                                          2.60051829E-03   2.23398693E-02   5.97792678E-03   2.09913589E-04   3.45996954E-03   3.04819457E-02   7.56382477E-03   2.62838788E-04
   99.0000000       0.00000000      0.239999995       10.5419998       18.7283154       7.09999990      0.904704750       5.43242359       9.44418535E-02   7.04258829E-02  0.745706260       7.05487803E-02   5.41343726E-02  0.129716247       2.38930751E-02  0.129716247       9.74930301E-02   1.62915178E-02   9.74931419E-02  0.747007549      0.768671572     k_33_51_8                                                                          1.36277010E-03   1.11068469E-02   3.27665242E-03   1.28211454E-04   1.78146444E-03   1.50046609E-02   4.30379808E-03   1.68908853E-04
   99.0000000       0.00000000      0.270000011       10.5419998       18.8515320       7.09999990      0.887279987       5.59895897       4.90747429E-02   3.68068554E-02  0.750016272       4.18242663E-02   3.11403889E-02   6.99868798E-02   7.25047523E-03   6.99868649E-02   5.23770116E-02   5.66646038E-03   5.23770861E-02  0.852256477      0.846048594     k_33_51_9                                                                          7.62484269E-04   5.95554989E-03   1.89653400E-03   8.15764070E-05   9.87404143E-04   7.90234748E-03   2.58124410E-03   1.12487003E-04
   99.0000000       0.00000000      0.300000012       10.5419998       18.9904232       7.09999990      0.868807197       5.78264856       2.70500518E-02   2.10336763E-02  0.777583599       2.47388147E-02   1.79775991E-02   3.94194610E-02   2.31124158E-03   3.94194610E-02   3.00224666E-02   3.05607799E-03   3.00224889E-02  0.914557040      0.854705513     k_33_51_10                                                                         4.70934814E-04   3.52878473E-03   1.17760408E-03   5.44176437E-05   5.86915063E-04   4.43460327E-03   1.63045770E-03   7.78201502E-05
   99.0000000       0.00000000      0.330000013       10.5419998       19.1467743       7.09999990      0.849359751       5.98449183       1.57445744E-02   1.27872126E-02  0.812166274       1.45369228E-02   1.01186968E-02   2.30130348E-02   1.20765145E-03   2.30130348E-02   1.78465340E-02   2.66851392E-03   1.78465843E-02  0.923297286      0.791313708     k_33_51_11                                                                         3.00053798E-04   2.24650418E-03   7.71987601E-04   3.85869062E-05   3.72633745E-04   2.64042616E-03   1.08252966E-03   5.59453620E-05
   99.0000000       0.00000000      0.360000014       10.5419998       19.3227310       7.09999990      0.829012096       6.20562792       9.61878151E-03   7.74146244E-03  0.804827750       8.44696444E-03   5.11681382E-03   1.38422642E-02   1.17181672E-03   1.38422651E-02   1.02998484E-02   2.62464862E-03   1.02998912E-02  0.878174067      0.660962164     k_33_51_12                                                                         1.95148139E-04   1.41060003E-03   5.26422577E-04   2.83618574E-05   2.51308637E-04   1.65854150E-03   7.52403634E-04   4.16940311E-05
   99.0000000       0.00000000      0.389999986       10.5419998       19.5209103       7.09999990      0.807839036       6.44736052       6.11923728E-03   5.06966002E-03  0.828479052       4.82629798E-03   2.55520595E-03   8.53238720E-03   1.29293918E-03   8.53238720E-03   6.34724600E-03   2.51445384E-03   6.34728046E-03  0.788709104      0.504019201     k_33_51_13                                                                         1.40861259E-04   9.58173594E-04   3.93414084E-04   2.23955722E-05   1.78701201E-04   1.09079573E-03   5.44006121E-04   3.20490217E-05
   99.0000000       0.00000000      0.419999987       10.5419998       19.7444954       7.09999990      0.785914898       6.71118021       4.01830021E-03   3.45560117E-03  0.859965920       2.69189989E-03   1.27439445E-03   5.36424993E-03   1.32639986E-03   5.36424993E-03   4.09279484E-03   2.18120683E-03   4.09280183E-03  0.669910073      0.368790954     k_33_51_14                                                                         1.04013830E-04   6.82944257E-04   3.05371039E-04   1.84144592E-05   1.32870235E-04   7.44916440E-04   4.06139006E-04   2.52455357E-05
   99.0000000       0.00000000      0.449999988       10.5419998       19.9974518       7.09999990      0.763310909       6.99882221       2.69895443E-03   2.39589741E-03  0.887713194       1.44933211E-03   5.74601348E-04   3.42362095E-03   1.24962279E-03   3.42362071E-03   2.68319319E-03   1.82129617E-03   2.68320297E-03  0.536997616      0.239827186     k_33_51_15                                                                         7.91935745E-05   4.99948859E-04   2.39338828E-04   1.52690627E-05   1.02412174E-04   5.23728842E-04   3.10630334E-04   2.02330993E-05
   99.0000000       0.00000000      0.479999989       10.5419998       20.2846756       7.09999990      0.740099788       7.31223583       1.83942949E-03   1.66103756E-03  0.903017819       7.39827112E-04   2.09791091E-04   2.20934325E-03   1.09960244E-03   2.20934348E-03   1.76592974E-03   1.45124667E-03   1.76593650E-03  0.402204663      0.126301229     k_33_51_16                                                                         6.08467599E-05   3.67529632E-04   1.89460392E-04   1.27210224E-05   8.12145299E-05   3.76322452E-04   2.41739370E-04   1.63957593E-05
   99.0000000       0.00000000      0.509999990       10.5419998       20.6123810       7.09999990      0.716350257       7.65369463       1.26342196E-03   1.14389264E-03  0.905392408       3.45502951E-04   2.97162060E-05   1.43617333E-03   9.17918864E-04   1.43617310E-03   1.15874840E-03   1.11417635E-03   1.15875283E-03  0.273465991       2.59781424E-02 k_33_51_17                                                                         4.74678236E-05   2.69902521E-04   1.50103006E-04   1.05341460E-05   6.58481295E-05   2.74704420E-04   1.90343228E-04   1.33634749E-05
   99.0000000       0.00000000      0.540000021       10.5419998       20.9885521       7.09999990      0.692127109       8.02584839       8.69635958E-04   7.81529059E-04  0.898685336       1.34963120E-04  -4.97342699E-05   9.37117497E-04   7.34672823E-04   9.37117497E-04   7.56660942E-04   8.31263431E-04   7.56663096E-04  0.155194968      -6.36371374E-02 k_33_51_18                                                                         3.76631542E-05   1.98083348E-04   1.18756863E-04   8.65630864E-06   5.43119459E-05   2.02768671E-04   1.50972803E-04   1.09106913E-05
   99.0000000       0.00000000      0.569999993       10.5419998       21.4235153       7.09999990      0.667496264       8.43169594       5.97127131E-04   5.28892793E-04  0.885728955       2.93845187E-05  -7.56492227E-05   6.11819443E-04   5.67742623E-04   6.11819385E-04   4.91066196E-04   6.04542030E-04   4.91070037E-04   4.92098220E-02 -0.143033192     k_33_51_19                                                                         3.04065998E-05   1.45257029E-04   9.37298464E-05   7.04659033E-06   4.53974608E-05   1.50834094E-04   1.20234872E-04   8.89661169E-06
   99.0000000       0.00000000      0.600000024       10.5419998       21.9310684       7.09999990      0.642516136       8.87480640       4.07329237E-04   3.54192249E-04  0.869547844      -1.80153511E-05  -7.63169955E-05   3.98321543E-04   4.25344595E-04   3.98321514E-04   3.16032820E-04   4.30509215E-04   3.16034682E-04  -4.42279838E-02 -0.215467721     k_33_51_20                                                                         2.49374134E-05   1.06557949E-04   7.37368027E-05   5.68645191E-06   3.83347578E-05   1.12775786E-04   9.59000463E-05   7.22763070E-06
   99.0000000       0.00000000      0.629999995       10.5419998       22.5299416       7.09999990      0.617243052       9.35933399       2.75015133E-04   2.33841231E-04  0.850284934      -3.45744411E-05  -6.57774581E-05   2.57727952E-04   3.09589581E-04   2.57727952E-04   2.00952491E-04   2.99618667E-04   2.00952520E-04 -0.125718325     -0.281291097     k_33_51_21                                                                         2.07879875E-05   7.80109985E-05   5.77532555E-05   4.52789027E-06   3.26241534E-05   8.45928589E-05   7.64630677E-05   5.83965812E-06
   99.0000000       0.00000000      0.660000026       10.5419998       23.2462444       7.09999990      0.591731966       9.89011383       1.83354234E-04   1.52555265E-04  0.832024753      -3.59764526E-05  -5.18882589E-05   1.65366029E-04   2.19330701E-04   1.65366015E-04   1.26611252E-04   2.04443539E-04   1.26611063E-04 -0.196212828     -0.340127617     k_33_51_22                                                                         1.76173107E-05   5.72679419E-05   4.52292625E-05   3.59131809E-06   2.79671931E-05   6.36586847E-05   6.09415802E-05   4.69248880E-06
   99.0000000       0.00000000      0.689999998       10.5419998       24.1177464       7.09999990      0.566031814       10.4729128       1.20122066E-04   9.77991804E-05  0.814164996      -3.08486451E-05  -3.89142842E-05   1.04697756E-04   1.50970707E-04   1.04697741E-04   7.83422074E-05   1.36713468E-04   7.83418800E-05 -0.256810814     -0.397899896     k_33_51_23                                                                         1.51045670E-05   4.20701035E-05   3.53046526E-05   2.81274879E-06   2.40936133E-05   4.79721093E-05   4.84580960E-05   3.74275987E-06
   99.0000000       0.00000000      0.720000029       10.5419998       25.2012730       7.09999990      0.540188849       11.1145697       7.70230617E-05   6.13724187E-05  0.796805739      -2.37589647E-05  -2.74671402E-05   6.51435766E-05   1.00782025E-04   6.51435766E-05   4.76389978E-05   8.88395662E-05   4.76387286E-05 -0.308465600     -0.447548598     k_33_51_24                                                                         1.31048473E-05   3.09109455E-05   2.75030634E-05   2.18456898E-06   2.08519486E-05   3.62061000E-05   3.84423220E-05   2.96293365E-06
   99.0000000       0.00000000      0.750000000       10.5419998       26.5868492       7.09999990      0.514246643       11.8232508       4.80255912E-05   3.75970994E-05  0.782855511      -1.69087125E-05  -1.85117660E-05   3.95712341E-05   6.49343128E-05   3.95712414E-05   2.83412191E-05   5.61088709E-05   2.83412191E-05 -0.352077127     -0.492372185     k_33_51_25                                                                         1.14808627E-05   2.28054905E-05   2.14131760E-05   1.68486804E-06   1.81093255E-05   2.73487403E-05   3.04004861E-05   2.32575439E-06
   99.0000000       0.00000000      0.779999971       10.5419998       28.4273911       7.09999990      0.488244563       12.6088276       2.89038435E-05   2.23432471E-05  0.773019910      -1.12150228E-05  -1.18399857E-05   2.32963284E-05   4.01188627E-05   2.32963284E-05   1.64233024E-05   3.41832310E-05   1.64232006E-05 -0.388011485     -0.529913366     k_33_51_26                                                                         1.01544892E-05   1.69255436E-05   1.67043672E-05   1.30965327E-06   1.57964041E-05   2.07011144E-05   2.39910132E-05   1.81176529E-06
   99.0000000       0.00000000      0.810000002       10.5419998       31.0081139       7.09999990      0.462219059       13.4833002       1.65315614E-05   1.26733212E-05  0.766613662      -6.89535773E-06  -7.11118810E-06   1.30838825E-05   2.34269191E-05   1.30838816E-05   9.11775714E-06   1.97845075E-05   9.11769530E-06 -0.417102635     -0.561114788     k_33_51_27                                                                         9.03633554E-06   1.26195300E-05   1.30221433E-05   1.00142779E-06   1.38153746E-05   1.56786955E-05   1.88627200E-05   1.39799522E-06
   99.0000000       0.00000000      0.839999974       10.5419998       34.9400749       7.09999990      0.436203510       14.4614038       8.77406455E-06   6.70931922E-06  0.764676273      -3.85265321E-06  -3.92031870E-06   6.84773840E-06   1.26267196E-05   6.84773886E-06   4.74914668E-06   1.06296384E-05   4.74917306E-06 -0.439095616     -0.584309459     k_33_51_28                                                                         8.09871290E-06   9.48014349E-06   1.01758742E-05   7.65712684E-07   1.21372723E-05   1.19053902E-05   1.48029712E-05   1.07008509E-06
   99.0000000       0.00000000      0.870000005       10.5419998       41.8669777       7.09999990      0.410227388       15.5614719       4.08037795E-06   3.12477732E-06  0.765805840      -1.85362421E-06  -1.86121315E-06   3.15356533E-06   5.93400227E-06   3.15356601E-06   2.19415551E-06   4.98599002E-06   2.19418621E-06 -0.454277575     -0.595630646     k_33_51_29                                                                         7.30483453E-06   7.15830538E-06   7.95785854E-06   5.81846280E-07   1.07099295E-05   9.06233436E-06   1.15927287E-05   8.11969130E-07
   99.0000000       0.00000000      0.899999976       10.5419998       58.8658371       7.09999990      0.384319395       16.8064384       1.38426833E-06   1.06899188E-06  0.772243261      -6.39876589E-07  -6.41961151E-07   1.06432992E-06   2.02414503E-06   1.06432992E-06   7.48007039E-07   1.71095314E-06   7.48015566E-07 -0.462248951     -0.600529492     k_33_51_30                                                                         6.62521325E-06   5.44347677E-06   6.22219432E-06   4.38515372E-07   9.49043078E-06   6.91251398E-06   9.05608340E-06   6.10152711E-07
