 #! thr0[f,0]/ phr0[f,1]/ pr[f,2]/ ei[f,3]/ th_e[f,4]/ q2[f,5]/ x[f,6]/ plab[f,7]/ crs0[f,8]/ crs12[f,9]/  ratio[f,10]/ crs_ten0[f,11]/ crs_ten12[f,12]/  crs_pol0_-1[f,13]/ crs_pol0_0[f,14]/ crs_pol0_1[f,15]/ crs_pol12_-1[f,16]/ crs_pol12_0[f,17]/ crs_pol12_1[f,18]/ asym0[f,19]/ asym12[f,20]/ ID[s,21]/ w_l[f,22]/ w_t[f,23]/ w_lt[f,24]/ w_tt[f,25]/ w_l_pwia[f,26]/ w_t_pwia[f,27]/ w_lt_pwia[f,28]/ w_tt_pwia[f,29]/ 
   99.0000000       0.00000000       0.00000000       10.5419998       17.1741829       6.59999990      0.998744965       4.35900688       343.179871       335.694092      0.978187025      -2.58384529E-03  -1.23558354       343.178589       343.182465       343.178589       335.076294       336.929657       335.076294      -7.52912820E-06  -3.68068297E-03 k_33_46_0                                                                          4.45032644       45.3159409       2.64980248E-04  -1.52587891E-05   4.55215406       46.3251457      -2.16840434E-19   0.00000000    
   99.0000000       0.00000000       2.99999993E-02   10.5419998       17.2047176       6.59999990      0.991785526       4.40952206       166.442444       161.456650      0.970044911       2.37577057       1.49745226       167.630356       164.066681       167.630356       162.205368       159.959183       162.205368       1.42738270E-02   9.27464012E-03 k_33_46_1                                                                          2.11939335       21.3683777      0.735256314       4.03499603E-03   2.18765521       22.0376472      0.747626305       4.08458710E-03
   99.0000000       0.00000000       5.99999987E-02   10.5419998       17.2426701       6.59999990      0.983319461       4.47190285       43.2600327       40.8615570      0.944556773       2.46161175       1.98205996       44.4908409       40.7984238       44.4908447       41.8525925       38.8794975       41.8525925       5.69026805E-02   4.85067181E-02 k_33_46_2                                                                         0.534881055       5.31632090      0.372836888       4.08506393E-03  0.567815781       5.63824654      0.384677380       4.18210030E-03
   99.0000000       0.00000000       9.00000036E-02   10.5419998       17.2884731       6.59999990      0.973364592       4.54659367       12.1231308       10.9565344      0.903771043       1.54135811       1.27431917       12.8938093       10.5817709       12.8938084       11.5936947       9.68221664       11.5936956      0.127141923      0.116306774     k_33_46_3                                                                         0.143872350       1.40449643      0.151674941       2.50244141E-03  0.160171762       1.56100273      0.160799578       2.60585546E-03
   99.0000000       0.00000000      0.119999997       10.5419998       17.3424988       6.59999990      0.961977065       4.63386583       4.00728941       3.42994690      0.855926931      0.894386828      0.733296096       4.45448256       3.11290216       4.45448256       3.79659462       2.69665122       3.79659605      0.223189980      0.213792264     k_33_46_4                                                                          4.55892496E-02  0.434107333       6.43848255E-02   1.40425563E-03   5.37297390E-02  0.511624873       7.08013922E-02   1.51866674E-03
   99.0000000       0.00000000      0.150000006       10.5419998       17.4052906       6.59999990      0.949199677       4.73420286       1.51640332       1.22503424      0.807855129      0.517759860      0.418395519       1.77528298      0.998643339       1.77528274       1.43423164      0.806638658       1.43423223      0.341439426      0.341537803     k_33_46_5                                                                          1.66439563E-02  0.153541833       2.92425137E-02   7.89143145E-04   2.08083410E-02  0.192680061       3.36150751E-02   8.93734396E-04
   99.0000000       0.00000000      0.180000007       10.5419998       17.4774570       6.59999990      0.935090423       4.84808636      0.636369944      0.488820612      0.768139064      0.302659810      0.240512863      0.787699878      0.333710074      0.787699878      0.609076619      0.248307660      0.609077215      0.475603551      0.492026836     k_33_46_6                                                                          6.88052131E-03   6.09994233E-02   1.41297569E-02   4.59766015E-04   9.01591312E-03   8.07775036E-02   1.70719530E-02   5.39556146E-04
   99.0000000       0.00000000      0.209999993       10.5419998       17.5597191       6.59999990      0.919712007       4.97607899      0.290016979      0.216838345      0.747674644      0.178533658      0.139469787      0.379283845      0.111483335      0.379283845      0.286573142       7.73685649E-02  0.286573321      0.615597248      0.643197060     k_33_46_7                                                                          3.22116935E-03   2.71784589E-02   7.27417320E-03   2.68534757E-04   4.28152131E-03   3.69182453E-02   9.19808634E-03   3.35600227E-04
   99.0000000       0.00000000      0.239999995       10.5419998       17.6529350       6.59999990      0.903131664       5.11882496      0.141787425      0.104429454      0.736521244      0.105916269       8.09984058E-02  0.194745541       3.58711444E-02  0.194745570      0.144928619       2.34310422E-02  0.144928664      0.747007489      0.775627971     k_33_46_8                                                                          1.64069736E-03   1.32838562E-02   3.94179812E-03   1.64380763E-04   2.20231316E-03   1.81728378E-02   5.23324357E-03   2.15667300E-04
   99.0000000       0.00000000      0.270000011       10.5419998       17.7581024       6.59999990      0.885424256       5.27702808       7.38592520E-02   5.55683635E-02  0.752354801       6.29470348E-02   4.71329577E-02  0.105332777       1.09122256E-02  0.105332792       7.91347623E-02   8.43540858E-03   7.91349262E-02  0.852256596      0.848197699     k_33_46_9                                                                          9.37616569E-04   7.25169946E-03   2.30005570E-03   1.05785904E-04   1.21931569E-03   9.57088731E-03   3.13842599E-03   1.43624842E-04
   99.0000000       0.00000000      0.300000012       10.5419998       17.8764400       6.59999990      0.866661191       5.45154905       4.08190377E-02   3.18826027E-02  0.781071901       3.73313315E-02   2.72420757E-02   5.94847053E-02   3.48770665E-03   5.94847016E-02   4.55036126E-02   4.64052893E-03   4.55036722E-02  0.914556861      0.854449570     k_33_46_10                                                                         5.82733075E-04   4.29747719E-03   1.43954495E-03   6.88771252E-05   7.23876001E-04   5.37097547E-03   1.98225142E-03   9.93623398E-05
   99.0000000       0.00000000      0.330000013       10.5419998       18.0093632       6.59999990      0.846921980       5.64330912       2.38266829E-02   1.96366105E-02  0.824143708       2.19991114E-02   1.56302825E-02   3.48262340E-02   1.82757131E-03   3.48262377E-02   2.74517238E-02   4.00632480E-03   2.74517778E-02  0.923297286      0.795976579     k_33_46_11                                                                         3.81533464E-04   2.75685359E-03   9.60592297E-04   5.00601018E-05   4.58976545E-04   3.19799408E-03   1.31600758E-03   7.14319758E-05
   99.0000000       0.00000000      0.360000014       10.5419998       18.1586037       6.59999990      0.826283157       5.85340691       1.46013191E-02   1.21006174E-02  0.828734517       1.28225014E-02   8.16731527E-03   2.10125707E-02   1.77881948E-03   2.10125707E-02   1.61842685E-02   3.93330352E-03   1.61842816E-02  0.878174186      0.674950302     k_33_46_12                                                                         2.45462463E-04   1.77137274E-03   6.52663875E-04   3.67652974E-05   3.09097057E-04   2.00881017E-03   9.14625358E-04   5.32348640E-05
   99.0000000       0.00000000      0.389999986       10.5419998       18.3262119       6.59999990      0.804824710       6.08305836       9.32034012E-03   7.83429574E-03  0.840559006       7.35103711E-03   4.05369466E-03   1.29958596E-02   1.96930347E-03   1.29958577E-02   9.86113120E-03   3.78060108E-03   9.86115262E-03  0.788709104      0.517429352     k_33_46_13                                                                         1.74481611E-04   1.18555559E-03   4.80913353E-04   2.90190801E-05   2.19464244E-04   1.32120517E-03   6.61266327E-04   4.09208587E-05
   99.0000000       0.00000000      0.419999987       10.5419998       18.5147247       6.59999990      0.782621980       6.33370161       6.14296645E-03   5.27648721E-03  0.858947754       4.11523599E-03   1.96749391E-03   8.20058398E-03   2.02773022E-03   8.20058398E-03   6.26022136E-03   3.30899376E-03   6.26024511E-03  0.669910192      0.372879505     k_33_46_14                                                                         1.27921900E-04   8.28549557E-04   3.71405447E-04   2.35334737E-05   1.62926226E-04   9.02306114E-04   4.93666856E-04   3.22336564E-05
   99.0000000       0.00000000      0.449999988       10.5419998       18.7271996       6.59999990      0.759752929       6.60693932       4.14286461E-03   3.67072877E-03  0.886036396       2.22470844E-03   8.94043769E-04   5.25521906E-03   1.91815663E-03   5.25521906E-03   4.11773985E-03   2.77668564E-03   4.11776174E-03  0.536997616      0.243560284     k_33_46_15                                                                         9.73486312E-05   6.06292451E-04   2.91122444E-04   1.94935128E-05   1.25381703E-04   6.34422351E-04   3.77570424E-04   2.58339569E-05
   99.0000000       0.00000000      0.479999989       10.5419998       18.9674644       6.59999990      0.736289561       6.90466499       2.83631310E-03   2.55419384E-03  0.900533080       1.14077854E-03   3.31397925E-04   3.40670208E-03   1.69553445E-03   3.40670277E-03   2.71989265E-03   2.22279574E-03   2.71989289E-03  0.402204722      0.129746586     k_33_46_16                                                                         7.46791629E-05   4.45521262E-04   2.30341451E-04   1.62086071E-05   9.92748755E-05   4.55895672E-04   2.93836783E-04   2.09342397E-05
   99.0000000       0.00000000      0.509999990       10.5419998       19.2402554       6.59999990      0.712305784       7.22900105       1.95805891E-03   1.76755688E-03  0.902708709       5.35462517E-04   5.16187283E-05   2.22579017E-03   1.42259628E-03   2.22579017E-03   1.79336697E-03   1.71593798E-03   1.79336558E-03  0.273465991       2.92034335E-02 k_33_46_17                                                                         5.81530003E-05   3.27242655E-04   1.82495787E-04   1.34414440E-05   8.03698058E-05   3.32825090E-04   2.31374608E-04   1.70627609E-05
   99.0000000       0.00000000      0.540000021       10.5419998       19.5516338       6.59999990      0.687867463       7.58247566       1.35551218E-03   1.21391017E-03  0.895536184       2.10368627E-04  -7.38013041E-05   1.46069622E-03   1.14514341E-03   1.46069622E-03   1.17700768E-03   1.28771143E-03   1.17701141E-03  0.155194938      -6.07963465E-02 k_33_46_18                                                                         4.60771626E-05   2.40068010E-04   1.44389764E-04   1.10644323E-05   6.61933300E-05   2.45698524E-04   1.83529453E-04   1.39309632E-05
   99.0000000       0.00000000      0.569999993       10.5419998       19.9093018       6.59999990      0.663043320       7.96792364       9.36864177E-04   8.26789648E-04  0.882507503       4.61029631E-05  -1.15604533E-04   9.59915575E-04   8.90761148E-04   9.59915633E-04   7.68985366E-04   9.42394079E-04   7.68989325E-04   4.92098704E-02 -0.139823392     k_33_46_19                                                                         3.71204987E-05   1.76125730E-04   1.13955386E-04   8.98277358E-06   5.52538368E-05   1.82795979E-04   1.46178791E-04   1.13594433E-05
   99.0000000       0.00000000      0.600000024       10.5419998       20.3234253       6.59999990      0.637892604       8.38874531       6.43918291E-04   5.57534455E-04  0.865846574      -2.84791822E-05  -1.18898497E-04   6.29678776E-04   6.72397495E-04   6.29678776E-04   4.98085108E-04   6.76432974E-04   4.98085225E-04  -4.42279428E-02 -0.213257670     k_33_46_20                                                                         3.03868983E-05   1.29160704E-04   8.96427737E-05   7.24034180E-06   4.65994926E-05   1.36696312E-04   1.16609212E-04   9.22834442E-06
   99.0000000       0.00000000      0.629999995       10.5419998       20.8075047       6.59999990      0.612474680       8.84885406       4.38605261E-04   3.71457776E-04  0.846906781      -5.51407429E-05  -1.03403458E-04   4.11034911E-04   4.93746018E-04   4.11034911E-04   3.19756044E-04   4.74861154E-04   3.19755927E-04 -0.125718385     -0.278372049     k_33_46_21                                                                         2.52799236E-05   9.46251166E-05   7.02462421E-05   5.78219624E-06   3.96133437E-05   1.02556223E-04   9.29919042E-05   7.45617945E-06
   99.0000000       0.00000000      0.660000026       10.5419998       21.3799934       6.59999990      0.586844146       9.35286617       2.95501522E-04   2.44678260E-04  0.828010142      -5.79811567E-05  -8.28746706E-05   2.66510906E-04   3.53482668E-04   2.66510906E-04   2.03240750E-04   3.27552931E-04   2.03241027E-04 -0.196212724     -0.338708758     k_33_46_22                                                                         2.14005649E-05   6.94551854E-05   5.50051154E-05   4.53107714E-06   3.39255712E-05   7.71949854E-05   7.41325275E-05   5.99145642E-06
   99.0000000       0.00000000      0.689999998       10.5419998       22.0668335       6.59999990      0.561051786       9.90623665       1.96065230E-04   1.58831026E-04  0.810092747      -5.03516494E-05  -6.24707536E-05   1.70889412E-04   2.46416894E-04   1.70889412E-04   1.27595646E-04   2.21301772E-04   1.27595617E-04 -0.256810695     -0.393315822     k_33_46_23                                                                         1.83430748E-05   5.09890160E-05   4.29788633E-05   3.59416845E-06   2.92022523E-05   5.81881686E-05   5.89634183E-05   4.77882168E-06
   99.0000000       0.00000000      0.720000029       10.5419998       22.9057732       6.59999990      0.535144329       10.5154581       1.27713545E-04   1.01399623E-04  0.793961406      -3.93952432E-05  -4.50692169E-05   1.08015942E-04   1.67108767E-04   1.08015920E-04   7.88647158E-05   1.46468839E-04   7.88653342E-05 -0.308465660     -0.444471240     k_33_46_24                                                                         1.58962575E-05   3.75454911E-05   3.35277873E-05   2.80570930E-06   2.52559093E-05   4.39295982E-05   4.67920981E-05   3.78309414E-06
   99.0000000       0.00000000      0.750000000       10.5419998       23.9541149       6.59999990      0.509165704       11.1882830       8.12553990E-05   6.33891104E-05  0.780121803      -2.86081649E-05  -3.09635871E-05   6.69513174E-05   1.09863562E-04   6.69513174E-05   4.79073824E-05   9.43526975E-05   4.79072623E-05 -0.352077097     -0.488468558     k_33_46_25                                                                         1.39171225E-05   2.77143445E-05   2.61271707E-05   2.17000706E-06   2.19222948E-05   3.31938863E-05   3.70184498E-05   2.96956023E-06
   99.0000000       0.00000000      0.779999971       10.5419998       25.3037891       6.59999990      0.483155668       11.9340754       5.02414550E-05   3.86767824E-05  0.769818127      -1.94942641E-05  -2.03746240E-05   4.04943275E-05   6.97357173E-05   4.04943312E-05   2.84894977E-05   5.90514028E-05   2.84894486E-05 -0.388011545     -0.526792109     k_33_46_26                                                                         1.23049176E-05   2.05730030E-05   2.03876425E-05   1.67323469E-06   1.91148847E-05   2.51348374E-05   2.92274817E-05   2.31329068E-06
   99.0000000       0.00000000      0.810000002       10.5419998       27.1133251       6.59999990      0.457150817       12.7642231       2.98608138E-05   2.27941364E-05  0.763346136      -1.24550243E-05  -1.27109779E-05   2.36333035E-05   4.23158417E-05   2.36333035E-05   1.64386711E-05   3.55051197E-05   1.64386256E-05 -0.417102635     -0.557642460     k_33_46_27                                                                         1.09479515E-05   1.53476558E-05   1.59102474E-05   1.28283318E-06   1.67135131E-05   1.90443607E-05   2.29924244E-05   1.78498431E-06
   99.0000000       0.00000000      0.839999974       10.5419998       29.6850643       6.59999990      0.431184083       13.6927261       1.68271108E-05   1.28015263E-05  0.760767937      -7.38871313E-06  -7.42372958E-06   1.31327561E-05   2.42158258E-05   1.31327561E-05   9.08970105E-06   2.02252540E-05   9.08962011E-06 -0.439095765     -0.579909742     k_33_46_28                                                                         9.81355424E-06   1.15311659E-05   1.24404687E-05   9.79974175E-07   1.46816337E-05   1.44672431E-05   1.80551815E-05   1.36629887E-06
   99.0000000       0.00000000      0.870000005       10.5419998       33.6888924       6.59999990      0.405285686       14.7369404       8.72726287E-06   6.64474965E-06  0.761378407      -3.96460018E-06  -3.92046604E-06   6.74496459E-06   1.26918649E-05   6.74496459E-06   4.68451208E-06   1.05652161E-05   4.68452208E-06 -0.454277605     -0.590009570     k_33_46_29                                                                         8.85562440E-06   8.71294742E-06   9.74200793E-06   7.45171747E-07   1.29551909E-05   1.10174606E-05   1.41499022E-05   1.03673256E-06
   99.0000000       0.00000000      0.899999976       10.5419998       41.0378761       6.59999990      0.379482925       15.9186831       3.88663875E-06   2.98107125E-06  0.767004967      -1.79659469E-06  -1.78109133E-06   2.98834129E-06   5.68323367E-06   2.98834175E-06   2.09053201E-06   4.76216201E-06   2.09051950E-06 -0.462248951     -0.597466886     k_33_46_30                                                                         8.02962131E-06   6.63797528E-06   7.63197932E-06   5.62310788E-07   1.14815675E-05   8.40803568E-06   1.10630099E-05   7.79056563E-07
   99.0000000       0.00000000      0.930000007       10.5419998       61.3623123       6.59999990      0.353800237       17.2657261       1.16106185E-06   9.05015952E-07  0.779472649      -5.36694074E-07  -5.45246621E-07   8.92714866E-07   1.69775615E-06   8.92714866E-07   6.32392187E-07   1.45026252E-06   6.32392869E-07 -0.462244183     -0.602471828     k_33_46_31                                                                         7.31353930E-06   5.10526206E-06   6.01861984E-06   4.25022336E-07   1.02414060E-05   6.44094871E-06   8.64415506E-06   5.80333790E-07
