 #! thr0[f,0]/ phr0[f,1]/ pr[f,2]/ ei[f,3]/ th_e[f,4]/ q2[f,5]/ x[f,6]/ plab[f,7]/ crs0[f,8]/ crs12[f,9]/  ratio[f,10]/ crs_ten0[f,11]/ crs_ten12[f,12]/  crs_pol0_-1[f,13]/ crs_pol0_0[f,14]/ crs_pol0_1[f,15]/ crs_pol12_-1[f,16]/ crs_pol12_0[f,17]/ crs_pol12_1[f,18]/ asym0[f,19]/ asym12[f,20]/ ID[s,21]/ w_l[f,22]/ w_t[f,23]/ w_lt[f,24]/ w_tt[f,25]/ w_l_pwia[f,26]/ w_t_pwia[f,27]/ w_lt_pwia[f,28]/ w_tt_pwia[f,29]/ 
   90.0000000       0.00000000       0.00000000       10.5419998       9.20506763       2.50000000      0.998312354       2.06901717       34069.1055       33290.8359      0.977156162     -0.255250871      -135.543137       34068.9766       34069.3633       34068.9766       33223.0703       33426.3828       33223.0703      -7.49215087E-06  -4.07148479E-03 k_30_5_0                                                                           71.1667023       461.116241      -1.20999443E-03  -3.05175781E-05   72.8767166       471.841400      -4.54193996E-31   0.00000000    
   90.0000000       0.00000000       2.99999993E-02   10.5419998       9.20589066       2.50000000      0.997084856       2.07262230       16974.3672       16429.4219      0.967895985       261.483826       161.530869       17105.1074       16712.8828       17105.1074       16510.1836       16267.8906       16510.1836       1.54046286E-02   9.83180478E-03 k_30_5_1                                                                           33.5479164       217.131302       8.33811855       7.87811279E-02   34.7175903       224.465851       8.48461437       7.92846680E-02
   90.0000000       0.00000000       5.99999987E-02   10.5419998       9.20836258       2.50000000      0.993416429       2.08344460       4530.15723       4250.41943      0.938249886       278.203094       221.883591       4669.25830       4251.95361       4669.25830       4361.36133       4028.53613       4361.36133       6.14113547E-02   5.22027500E-02 k_30_5_2                                                                           8.32870197       53.7511787       4.19654560       7.91435242E-02   8.92019939       57.4312820       4.34695816       8.11367035E-02
   90.0000000       0.00000000       9.00000036E-02   10.5419998       9.21249866       2.50000000      0.987349868       2.10149622       1303.19043       1164.56335      0.893624842       178.818100       145.720932       1392.59949       1124.37244       1392.59949       1237.42383       1018.84253       1237.42419      0.137215629      0.125129238     k_30_5_3                                                                           2.20093799       14.1133003       1.69569564       4.82130051E-02   2.48733163       15.9015322       1.80899096       5.05514145E-02
   90.0000000       0.00000000      0.119999997       10.5419998       9.21831417       2.50000000      0.978954315       2.12680387       442.116180       369.081146      0.834805787       106.494209       85.6164017       495.363251       335.622040       495.363251       411.889282       283.464722       411.889465      0.240873814      0.231971756     k_30_5_4                                                                          0.675336957       4.28975773      0.710656285       2.71897316E-02  0.823532701       5.21244621      0.792832375       2.94606686E-02
   90.0000000       0.00000000      0.150000006       10.5419998       9.22583961       2.50000000      0.968323946       2.15940547       171.706421       132.520157      0.771783352       63.2725296       49.6279831       203.342697       108.433891       203.342712       157.334091       82.8921890       157.334244      0.368492514      0.374493837     k_30_5_5                                                                          0.236149490       1.48014498      0.316381902       1.52807236E-02  0.314279169       1.96339536      0.374612391       1.73381567E-02
   90.0000000       0.00000000      0.180000007       10.5419998       9.23511124       2.50000000      0.955574453       2.19935632       73.9661102       52.9138107      0.715379119       37.9658165       28.7324543       92.9490204       36.0002975       92.9490280       67.2799835       24.1813488       67.2800751      0.513286650      0.543004811     k_30_5_6                                                                           9.25450698E-02  0.572593510      0.148197427       8.69178772E-03  0.133948654      0.823337793      0.189305097       1.04671717E-02
   90.0000000       0.00000000      0.209999993       10.5419998       9.24617577       2.50000000      0.940841019       2.24672771       34.6130295       24.1412048      0.697460055       22.9959755       17.1082382       46.1110115       11.6170530       46.1110115       32.6953011       7.03296518       32.6953545      0.664373398      0.708673775     k_30_5_7                                                                           4.28180955E-02  0.257738203       7.42651746E-02   5.04758954E-03   6.24533594E-02  0.376433760      0.101468354       6.51037693E-03
   90.0000000       0.00000000      0.239999995       10.5419998       9.25908947       2.50000000      0.924273610       2.30161524       17.3851433       12.7713947      0.734615445       14.0158072       10.4031944       24.3930454       3.36933708       24.3930492       17.9729786       2.36819983       17.9730072      0.806194544      0.814569950     k_30_5_8                                                                           2.35427134E-02  0.138775587       4.01076004E-02   3.05727869E-03   3.14773507E-02  0.185391158       5.74237034E-02   4.18379158E-03
   90.0000000       0.00000000      0.270000011       10.5419998       9.27391815       2.50000000      0.906033456       2.36413813       9.31081867       7.53391218      0.809156775       8.56392860       6.34001350       13.5927830      0.746891201       13.5927830       10.7038984       1.19389844       10.7039366      0.919782579      0.841530025     k_30_5_9                                                                           1.46387219E-02   8.45789760E-02   2.34640874E-02   1.94529817E-03   1.70402452E-02   9.77020413E-02   3.42494436E-02   2.78625265E-03
   90.0000000       0.00000000      0.300000012       10.5419998       9.29074383       2.50000000      0.886289537       2.43444729       5.29550886       4.80324125      0.907040536       5.22676754       3.84805727       7.90889215       6.87408820E-02   7.90889120       6.72724533      0.955184698       6.72729540      0.987018943      0.801137626     k_30_5_10                                                                          9.80021805E-03   5.59272058E-02   1.48870721E-02   1.29376724E-03   9.86992847E-03   5.48739955E-02   2.15110574E-02   1.92756392E-03
   90.0000000       0.00000000      0.330000013       10.5419998       9.30965996       2.50000000      0.865214586       2.51272798       3.18490505       3.18458033      0.999898016       3.17360497       2.30897141       4.77170706       1.13002099E-02   4.77170801       4.33910847      0.875608623       4.33902311      0.996451974      0.725047290     k_30_5_11                                                                          6.79778028E-03   3.80647257E-02   1.01951044E-02   9.33537260E-04   6.09213021E-03   3.27070802E-02   1.41994422E-02   1.38572790E-03
   90.0000000       0.00000000      0.360000014       10.5419998       9.33077526       2.50000000      0.842982233       2.59920430       2.01401806       2.16479945       1.07486594       1.90879285       1.35227048       2.96841478      0.105225362       2.96841455       2.84092641      0.812529266       2.84094286      0.947753608      0.624663174     k_30_5_12                                                                          4.78748791E-03   2.63240822E-02   7.43037090E-03   7.16745853E-04   3.98524012E-03   2.05709226E-02   9.81122162E-03   1.03272870E-03
   90.0000000       0.00000000      0.389999986       10.5419998       9.35421848       2.50000000      0.819763124       2.69414330       1.32898843       1.48972869       1.12094927       1.13123500      0.771731794       1.89460611      0.197753400       1.89460611       1.87559152      0.717996836       1.87559748      0.851200044      0.518035114     k_30_5_13                                                                          3.40813585E-03   1.82855465E-02   5.63531602E-03   5.70111908E-04   2.74279434E-03   1.35501549E-02   7.05159828E-03   7.93838874E-04
   90.0000000       0.00000000      0.419999987       10.5419998       9.38013554       2.50000000      0.795723200       2.79786253      0.907455504      0.999133348       1.10102737      0.656060517      0.386593968       1.23548579      0.251394868       1.23548567       1.19241476      0.612539470       1.19244623      0.722967148      0.386929303     k_30_5_14                                                                          2.32716696E-03   1.22316796E-02   4.31219395E-03   4.61771153E-04   1.96993910E-03   9.27062891E-03   5.23306662E-03   6.25327695E-04
   90.0000000       0.00000000      0.449999988       10.5419998       9.40869808       2.50000000      0.771021605       2.91073275      0.635607660      0.683504760       1.07535636      0.368363172      0.183397636      0.819789112      0.267244518      0.819789112      0.775202215      0.500107169      0.775204897      0.579544902      0.268319458     k_30_5_15                                                                          1.64036802E-03   8.33272748E-03   3.35575151E-03   3.85385472E-04   1.46404654E-03   6.53155521E-03   3.97826638E-03   5.01163071E-04
   90.0000000       0.00000000      0.479999989       10.5419998       9.44010258       2.50000000      0.745807350       3.03319049      0.453303933      0.477744788       1.05391717      0.196766615       7.97563717E-02  0.551687300      0.256537318      0.551687300      0.517621696      0.397988409      0.517624199      0.434072167      0.166943461     k_30_5_16                                                                          1.19589758E-03   5.82587346E-03   2.63926783E-03   3.24471854E-04   1.11783692E-03   4.70447401E-03   3.07729119E-03   4.06112056E-04
   90.0000000       0.00000000      0.509999990       10.5419998       9.47457886       2.50000000      0.720220923       3.16573310      0.327137649      0.332278907       1.01571584       9.65491906E-02   1.50044840E-02  0.375412226      0.230588481      0.375412226      0.339779705      0.317274421      0.339782685      0.295133233       4.51562926E-02 k_30_5_17                                                                          8.66384245E-04   4.04296443E-03   2.07880116E-03   2.70316261E-04   8.71602562E-04   3.44332866E-03   2.40842160E-03   3.31007061E-04
   90.0000000       0.00000000      0.540000021       10.5419998       9.51239109       2.50000000      0.694390476       3.30894494      0.237725765      0.232736811      0.979013801       3.98170128E-02  -1.29929567E-02  0.257634252      0.197908729      0.257634252      0.226239294      0.245729759      0.226241395      0.167491361      -5.58268242E-02 k_30_5_18                                                                          6.39058067E-04   2.85055418E-03   1.62953546E-03   2.21747439E-04   6.90746005E-04   2.54905014E-03   1.89874880E-03   2.70250952E-04
   90.0000000       0.00000000      0.569999993       10.5419998       9.55384445       2.50000000      0.668433785       3.46348810      0.173266217      0.165043294      0.952541709       9.21480171E-03  -2.73072179E-02  0.177873626      0.164051428      0.177873626      0.151390269      0.192350507      0.151389107       5.31829111E-02 -0.165454879     k_30_5_19                                                                          4.79132781E-04   2.05022935E-03   1.28297543E-03   1.86073594E-04   5.54277154E-04   1.90154486E-03   1.50264404E-03   2.20301154E-04
   90.0000000       0.00000000      0.600000024       10.5419998       9.59930134       2.50000000      0.642456710       3.63012671      0.126390904      0.117065802      0.926220179      -6.03290973E-03  -2.91016549E-02  0.123374470      0.132423818      0.123374470      0.102514707      0.146167472      0.102515265      -4.77321520E-02 -0.248592287     k_30_5_20                                                                          3.61393497E-04   1.49462628E-03   1.00260635E-03   1.50232285E-04   4.49432700E-04   1.42678362E-03   1.19166123E-03   1.79024180E-04
   90.0000000       0.00000000      0.629999995       10.5419998       9.64918041       2.50000000      0.616553485       3.80973792       9.19844881E-02   8.29248875E-02  0.901509464      -1.24803847E-02  -2.73679011E-02   8.57442766E-02  0.104464874       8.57442766E-02   6.92408234E-02  0.110292792       6.92410469E-02 -0.135679230     -0.330032408     k_30_5_21                                                                          2.78601656E-04   1.09325955E-03   7.81517476E-04   1.19896664E-04   3.67109693E-04   1.07374322E-03   9.44414584E-04   1.44645048E-04
   90.0000000       0.00000000      0.660000026       10.5419998       9.70397472       2.50000000      0.590807736       4.00332069       6.67851195E-02   5.86641692E-02  0.878401816      -1.41405193E-02  -2.26617325E-02   5.97148538E-02   8.09256360E-02   5.97148538E-02   4.73333374E-02   8.13258961E-02   4.73332740E-02 -0.211731583     -0.386295974     k_30_5_22                                                                          2.18442787E-04   8.03866540E-04   6.07365335E-04   9.51267139E-05   3.02071858E-04   8.10681784E-04   7.48211343E-04   1.16240408E-04
   90.0000000       0.00000000      0.689999998       10.5419998       9.76426601       2.50000000      0.565291941       4.21202660       4.82469611E-02   4.10554893E-02  0.850944579      -1.33720506E-02  -1.79700200E-02   4.15609330E-02   6.16190098E-02   4.15609330E-02   3.20698954E-02   5.90255074E-02   3.20710577E-02 -0.277158409     -0.437700778     k_30_5_23                                                                          1.74066765E-04   5.86329727E-04   4.67905425E-04   7.44091813E-05   2.49734672E-04   6.12670206E-04   5.91242744E-04   9.27062938E-05
   90.0000000       0.00000000      0.720000029       10.5419998       9.83074760       2.50000000      0.540069282       4.43716812       3.46733071E-02   2.85928641E-02  0.824636221      -1.15429442E-02  -1.36993593E-02   2.89018322E-02   4.62162569E-02   2.89018359E-02   2.17431989E-02   4.22922187E-02   2.17431653E-02 -0.332905769     -0.479118109     k_30_5_24                                                                          1.40699296E-04   4.27854597E-04   3.59325204E-04   5.76454331E-05   2.07405566E-04   4.63564938E-04   4.66091471E-04   7.33896886E-05
   90.0000000       0.00000000      0.750000000       10.5419998       9.90424252       2.50000000      0.515193164       4.68026018       2.47537363E-02   1.98384151E-02  0.801431119      -9.40575358E-03  -1.02018937E-02   2.00508609E-02   3.41594927E-02   2.00508609E-02   1.47374999E-02   3.00403070E-02   1.47374338E-02 -0.379973084     -0.514249444     k_30_5_25                                                                          1.15270937E-04   3.12986260E-04   2.75431026E-04   4.42952733E-05   1.72795975E-04   3.50809132E-04   3.66191962E-04   5.76074672E-05
   90.0000000       0.00000000      0.779999971       10.5419998       9.98574829       2.50000000      0.490708381       4.94304895       1.75641626E-02   1.36995437E-02  0.779971361      -7.35507114E-03  -7.33239762E-03   1.38866268E-02   2.49192305E-02   1.38866268E-02   1.00333700E-02   2.10319385E-02   1.00333206E-02 -0.418754429     -0.535229325     k_30_5_26                                                                          9.58595410E-05   2.28979974E-04   2.10834260E-04   3.38582613E-05   1.44499427E-04   2.65782233E-04   2.87010247E-04   4.48764258E-05
   90.0000000       0.00000000      0.810000002       10.5419998       10.0764723       2.50000000      0.466652423       5.22754288       1.23583982E-02   9.48363170E-03  0.767383575      -5.56313992E-03  -5.27190929E-03   9.57682822E-03   1.79215372E-02   9.57682822E-03   6.84761256E-03   1.47555405E-02   6.84773875E-03 -0.450150579     -0.555895627     k_30_5_27                                                                          8.04761803E-05   1.69556821E-04   1.62210534E-04   2.57957072E-05   1.21023979E-04   2.01230228E-04   2.24006464E-04   3.46275556E-05
   90.0000000       0.00000000      0.839999974       10.5419998       10.1778975       2.50000000      0.443055212       5.53608084       8.63310136E-03   6.56136218E-03  0.760023773      -4.09105560E-03  -3.80288158E-03   6.58757426E-03   1.27241574E-02   6.58757426E-03   4.65994468E-03   1.03642438E-02   4.65989765E-03 -0.473880172     -0.579587221     k_30_5_28                                                                          6.79865261E-05   1.26709463E-04   1.25047358E-04   1.96983965E-05   1.01660218E-04   1.52519235E-04   1.74407163E-04   2.65081108E-05
   90.0000000       0.00000000      0.870000005       10.5419998       10.2918568       2.50000000      0.419940472       5.87138462       5.97886648E-03   4.51055914E-03  0.754417121      -2.93126353E-03  -2.67781108E-03   4.51323437E-03   8.91012978E-03   4.51323483E-03   3.17166746E-03   7.18836999E-03   3.17164045E-03 -0.490270793     -0.593676090     k_30_5_29                                                                          5.79364860E-05   9.48870147E-05   9.62754275E-05   1.48298750E-05   8.55471371E-05   1.15624367E-04   1.35352340E-04   2.01118819E-05
   90.0000000       0.00000000      0.899999976       10.5419998       10.4206505       2.50000000      0.397326887       6.23663044       4.10035579E-03   3.08411405E-03  0.752157688      -2.04556040E-03  -1.85090536E-03   3.07757547E-03   6.14591641E-03   3.07757547E-03   2.15867790E-03   4.93501965E-03   2.15864414E-03 -0.498873889     -0.600141644     k_30_5_30                                                                          4.95808454E-05   7.13232948E-05   7.41304539E-05   1.11491008E-05   7.20638709E-05   8.76298582E-05   1.04663130E-04   1.51132008E-05
   90.0000000       0.00000000      0.930000007       10.5419998       10.5672054       2.50000000      0.375227422       6.63556719       2.78552924E-03   2.09669117E-03  0.752708375      -1.38961326E-03  -1.25231373E-03   2.09072256E-03   4.17514239E-03   2.09072256E-03   1.47053972E-03   3.34900478E-03   1.47052831E-03 -0.498868674     -0.597280979     k_30_5_31                                                                          4.26121769E-05   5.38687163E-05   5.71232740E-05   8.32949991E-06   6.08238843E-05   6.64642430E-05   8.07361212E-05   1.12581420E-05
   90.0000000       0.00000000      0.959999979       10.5419998       10.7352972       2.50000000      0.353651017       7.07262278       1.87284197E-03   1.41450879E-03  0.755273998      -9.16240911E-04  -8.27678596E-04   1.41472137E-03   2.78908270E-03   1.41472125E-03   1.00067304E-03   2.24218774E-03   1.00066618E-03 -0.489224881     -0.585134983     k_30_5_32                                                                          3.67491120E-05   4.07999760E-05   4.40515287E-05   6.18763261E-06   5.14338462E-05   5.04499549E-05   6.21413492E-05   8.31196849E-06
   90.0000000       0.00000000      0.990000010       10.5419998       10.9298906       2.50000000      0.332602769       7.55308342       1.24760205E-03   9.48963512E-04  0.760629952      -5.85343398E-04  -5.34119376E-04   9.54930321E-04   1.83294551E-03   9.54930380E-04   6.81906648E-04   1.48308277E-03   6.81901118E-04 -0.469174773     -0.562844992     k_30_5_33                                                                          3.18309503E-05   3.11169606E-05   3.41152154E-05   4.57118949E-06   4.36705304E-05   3.84063751E-05   4.78389156E-05   6.09409472E-06
   90.0000000       0.00000000       1.01999998       10.5419998       11.1576567       2.50000000      0.312084556       8.08328629       8.22095433E-04   6.31545263E-04  0.768214047      -3.58935737E-04  -3.37563863E-04   6.42627594E-04   1.18103111E-03   6.42627594E-04   4.62768454E-04   9.69109125E-04   4.62758151E-04 -0.436610788     -0.534504652     k_30_5_34                                                                          2.76481878E-05   2.38680732E-05   2.64804730E-05   3.38508380E-06   3.72232644E-05   2.93140965E-05   3.68365472E-05   4.43445060E-06
   90.0000000       0.00000000       1.04999995       10.5419998       11.4277725       2.50000000      0.292095751       8.67090225       5.36181557E-04   4.16723749E-04  0.777206421      -2.09130551E-04  -2.05674020E-04   4.31616238E-04   7.45312078E-04   4.31616238E-04   3.13887664E-04   6.22397813E-04   3.13885976E-04 -0.390036821     -0.493550032     k_30_5_35                                                                          2.41452963E-05   1.84137898E-05   2.07026205E-05   2.48937249E-06   3.19333740E-05   2.24846917E-05   2.84487760E-05   3.20910749E-06
   90.0000000       0.00000000       1.08000004       10.5419998       11.7532597       2.50000000      0.272632658       9.32531548       3.43343010E-04   2.69585056E-04  0.785177052      -1.11581401E-04  -1.18297183E-04   2.87552219E-04   4.54924331E-04   2.87552219E-04   2.10439481E-04   3.87882261E-04   2.10433456E-04 -0.324985206     -0.438812107     k_30_5_36                                                                          2.10506187E-05   1.41775181E-05   1.61065673E-05   1.81603309E-06   2.74224221E-05   1.72301843E-05   2.19187314E-05   2.29538182E-06
   90.0000000       0.00000000       1.11000001       10.5419998       12.1532574       2.50000000      0.253690302       10.0580959       2.17827459E-04   1.72657790E-04  0.792635560      -5.30655416E-05  -6.33330783E-05   1.91294690E-04   2.70892982E-04   1.91294690E-04   1.40991659E-04   2.35990869E-04   1.40990887E-04 -0.243612722     -0.366812736     k_30_5_37                                                                          1.85428307E-05   1.10293513E-05   1.26712475E-05   1.32202103E-06   2.38724806E-05   1.33522644E-05   1.70637504E-05   1.64191215E-06
   90.0000000       0.00000000       1.13999999       10.5419998       12.6572008       2.50000000      0.235261783       10.8836908       1.35894225E-04   1.08508175E-04  0.798475266      -1.89401144E-05  -2.99753538E-05   1.26424158E-04   1.54834328E-04   1.26424158E-04   9.35205899E-05   1.38483549E-04   9.35204298E-05 -0.139373943     -0.276249737     k_30_5_38                                                                          1.64662379E-05   8.62758679E-06   1.00345105E-05   9.61277237E-07   2.10156122E-05   1.04304054E-05   1.33901194E-05   1.17023819E-06
   90.0000000       0.00000000       1.16999996       10.5419998       13.3130417       2.50000000      0.217338681       11.8203878       8.32937658E-05   6.69131914E-05  0.803339720      -1.87398177E-06  -1.17026393E-05   8.23567680E-05   8.51677469E-05   8.23567680E-05   6.10621792E-05   7.86158271E-05   6.10615753E-05  -2.24984642E-02 -0.174892858     k_30_5_39                                                                          1.48522477E-05   6.82925656E-06   8.06368371E-06   7.01616727E-07   1.88294871E-05   8.25928964E-06   1.06597499E-05   8.35162837E-07
   90.0000000       0.00000000       1.20000005       10.5419998       14.2051125       2.50000000      0.199911475       12.8916521       4.94464366E-05   3.97783369E-05  0.804473281       6.11218775E-06  -1.73624119E-06   5.25025353E-05   4.33342466E-05   5.25025243E-05   3.89098786E-05   4.15145769E-05   3.89105480E-05  0.123612300      -4.36479077E-02 k_30_5_40                                                                          1.35165919E-05   5.42926136E-06   6.53674533E-06   5.10682412E-07   1.71180782E-05   6.60191517E-06   8.58246312E-06   5.93864570E-07
   90.0000000       0.00000000       1.23000002       10.5419998       15.4984560       2.50000000      0.182970047       14.1280899       2.83501740E-05   2.27863220E-05  0.803745389       7.79702532E-06   2.15630621E-06   3.22486849E-05   2.05531451E-05   3.22486849E-05   2.38645080E-05   2.06300138E-05   2.38644407E-05  0.275025666       9.46316049E-02 k_30_5_41                                                                          1.26489722E-05   4.41203201E-06   5.44146860E-06   3.75915079E-07   1.60447908E-05   5.40542669E-06   7.10027234E-06   4.26507540E-07
   90.0000000       0.00000000       1.25999999       10.5419998       17.5731583       2.50000000      0.166503251       15.5704250       1.51334434E-05   1.20900941E-05  0.798899055       6.65639209E-06   3.04900118E-06   1.84616383E-05   8.47704996E-06   1.84616420E-05   1.36144645E-05   9.04109311E-06   1.36147264E-05  0.439846486      0.252190024     k_30_5_42                                                                          1.21353460E-05   3.64658217E-06   4.63519882E-06   2.78228981E-07   1.54937024E-05   4.52228551E-06   6.03014178E-06   3.08210929E-07
   90.0000000       0.00000000       1.28999996       10.5419998       21.5905075       2.50000000      0.150499701       17.2739944       6.91954028E-06   5.46967340E-06  0.790467739       4.13587213E-06   2.25055192E-06   8.98747930E-06   2.78366861E-06   8.98747385E-06   6.59485613E-06   3.21912103E-06   6.59504167E-06  0.597709119      0.411460012     k_30_5_43                                                                          1.20026716E-05   3.07537653E-06   4.05736910E-06   2.06865707E-07   1.54792069E-05   3.87389809E-06   5.27781731E-06   2.24180667E-07
   90.0000000       0.00000000       1.32000005       10.5419998       34.6162529       2.50000000      0.134947434       19.3160076       1.89385310E-06   1.47359526E-06  0.778093755       1.42071769E-06   8.52515598E-07   2.60421211E-06   4.73135600E-07   2.60421189E-06   1.89989396E-06   6.21079892E-07   1.89981233E-06  0.750173151      0.578527629     k_30_5_44                                                                          1.24046192E-05   2.67584414E-06   3.69525196E-06   1.55459702E-07   1.62210454E-05   3.43534271E-06   4.82369796E-06   1.65551683E-07
