 #! thr0[f,0]/ phr0[f,1]/ pr[f,2]/ ei[f,3]/ th_e[f,4]/ q2[f,5]/ x[f,6]/ plab[f,7]/ crs0[f,8]/ crs12[f,9]/  ratio[f,10]/ crs_ten0[f,11]/ crs_ten12[f,12]/  crs_pol0_-1[f,13]/ crs_pol0_0[f,14]/ crs_pol0_1[f,15]/ crs_pol12_-1[f,16]/ crs_pol12_0[f,17]/ crs_pol12_1[f,18]/ asym0[f,19]/ asym12[f,20]/ ID[s,21]/ w_l[f,22]/ w_t[f,23]/ w_lt[f,24]/ w_tt[f,25]/ w_l_pwia[f,26]/ w_t_pwia[f,27]/ w_lt_pwia[f,28]/ w_tt_pwia[f,29]/ 
   99.0000000       0.00000000       0.00000000       10.5419998       8.33888912       2.09999990      0.998179734       1.83218122       70333.0312       68725.3828      0.977142334     -0.526094139      -290.979370       70332.7734       70333.5547       70332.7734       68579.8906       69016.3594       68579.8906      -7.48004368E-06  -4.23394330E-03 k_33_1_0                                                                           113.160431       659.583862      -2.25371635E-03   0.00000000       115.871750       674.930420      -6.84963285E-31   0.00000000    
   99.0000000       0.00000000       2.99999993E-02   10.5419998       8.34365654       2.09999990      0.988703489       1.85628188       34803.6875       33626.5820      0.966178715       496.777283       278.736603       35052.0781       34306.9141       35052.0781       33765.9531       33347.8516       33765.9570       1.42736966E-02   8.28917418E-03 k_33_1_1                                                                           53.5620193       310.024109       12.1488724      0.120529175       55.5275040       321.079590       12.3743858      0.121932983    
   99.0000000       0.00000000       5.99999987E-02   10.5419998       8.34985065       2.09999990      0.976682782       1.88743162       9223.55371       8696.71680      0.942881346       524.845398       414.487183       9485.97656       8698.70801       9485.97656       8903.95996       8282.22949       8903.96094       5.69027327E-02   4.76601906E-02 k_33_1_2                                                                           13.4702702       77.2692261       6.15925980      0.121898651       14.3458691       82.1505737       6.35923719      0.124820709    
   99.0000000       0.00000000       9.00000036E-02   10.5419998       8.35751534       2.09999990      0.962243021       1.92573941       2634.33765       2381.57593      0.904051125       334.934967       273.757904       2801.80542       2299.40259       2801.80518       2518.45508       2107.81812       2518.45483      0.127141997      0.114948213     k_33_1_3                                                                           3.60205007       20.4380417       2.50427651       7.42988586E-02   4.02069330       22.7458611       2.65457582       7.77673721E-02
   99.0000000       0.00000000      0.119999997       10.5419998       8.36669827       2.09999990      0.945541203       1.97131789       887.172974       763.444885      0.860536695       198.008041       162.732346       986.177002       689.165039       986.177002       844.810974       600.712585       844.811218      0.223189890      0.213155329     k_33_1_4                                                                           1.13270152       6.34368801       1.06389904       4.19890881E-02   1.33746731       7.45605803       1.16707933       4.53200340E-02
   99.0000000       0.00000000      0.150000006       10.5419998       8.37746525       2.09999990      0.926750004       2.02431750       341.977875       281.614624      0.823487818       116.764725       96.2634201       400.360229       225.213104       400.360229       329.746277       185.351151       329.746399      0.341439426      0.341826767     k_33_1_5                                                                          0.413134426       2.27657509      0.485190243       2.37613916E-02  0.512591839       2.80858469      0.553216994       2.66728401E-02
   99.0000000       0.00000000      0.180000007       10.5419998       8.38988686       2.09999990      0.906063378       2.08490443       146.187805       117.030167      0.800546706       69.5274658       57.4940147       180.951523       76.6603546       180.951523       145.777115       59.5361404       145.777206      0.475603729      0.491275162     k_33_1_6                                                                          0.171632379      0.928721666      0.236452267       1.36888921E-02  0.219315380       1.17782402      0.280487955       1.61023736E-02
   99.0000000       0.00000000      0.209999993       10.5419998       8.40404701       2.09999990      0.883683383       2.15328932       67.8749466       54.5121651      0.803126454       41.7836304       34.9334679       88.7667618       26.0913162       88.7667618       71.9788132       19.5787029       71.9789734      0.615597248      0.640838027     k_33_1_7                                                                           8.12820494E-02  0.430565298      0.123266578       8.14105570E-03  0.102610767      0.538559496      0.150862917       1.00153685E-02
   99.0000000       0.00000000      0.239999995       10.5419998       8.42004395       2.09999990      0.859818637       2.22972250       33.8179779       27.9273205      0.825812817       25.2622852       21.3003292       46.4491196       8.55569172       46.4491196       38.5774040       6.62699080       38.5775681      0.747007549      0.762705803     k_33_1_8                                                                           4.29422222E-02  0.222600311       6.84869587E-02   5.00207394E-03   5.18774018E-02  0.265276194       8.56862590E-02   6.43621385E-03
   99.0000000       0.00000000      0.270000011       10.5419998       8.43799305       2.09999990      0.834679663       2.31450319       17.9620419       15.5157318      0.863806665       15.3082666       12.9746456       25.6161747       2.65377498       25.6161747       22.0030403       2.54108739       22.0030727      0.852256477      0.836225152     k_33_1_9                                                                           2.48531848E-02  0.125905007       4.07211483E-02   3.21882218E-03   2.81621851E-02  0.139834315       5.13016470E-02   4.28628176E-03
   99.0000000       0.00000000      0.300000012       10.5419998       8.45802784       2.09999990      0.808473229       2.40798688       10.1287031       9.21524906      0.909815311       9.26327419       7.87573671       14.7603416      0.865428150       14.7603416       13.1530962       1.33951187       13.1531382      0.914556801      0.854641736     k_33_1_10                                                                          1.54680703E-02   7.64387548E-02   2.58656368E-02   2.20621377E-03   1.63536258E-02   7.85641968E-02   3.23520266E-02   2.96529755E-03
   99.0000000       0.00000000      0.330000013       10.5419998       8.48030186       2.09999990      0.781399548       2.51059961       6.03780413       5.69273424      0.942848444       5.57468796       4.70226336       8.82514954      0.463115931       8.82514954       8.04397488      0.990471005       8.04375648      0.923297226      0.826011419     k_33_1_11                                                                          9.97628458E-03   4.81009558E-02   1.73985101E-02   1.59415044E-03   1.01187034E-02   4.68500182E-02   2.14483887E-02   2.13176012E-03
   99.0000000       0.00000000      0.360000014       10.5419998       8.50499725       2.09999990      0.753650844       2.62283206       3.78279614       3.58330703      0.947264135       3.32195354       2.70880127       5.44377279      0.460842699       5.44377279       4.93769836      0.874505877       4.93771744      0.878174067      0.755950093     k_33_1_12                                                                          6.54711947E-03   3.06869894E-02   1.21418452E-02   1.18711591E-03   6.63549826E-03   2.94854827E-02   1.48891127E-02   1.58871990E-03
   99.0000000       0.00000000      0.389999986       10.5419998       8.53232574       2.09999990      0.725404739       2.74527311       2.47195840       2.36469197      0.956606686       1.94965601       1.55390346       3.44678640      0.522302330       3.44678640       3.14163351      0.810788274       3.14165378      0.788709044      0.657127202     k_33_1_13                                                                          4.51525953E-03   2.05739513E-02   8.89257807E-03   9.39312391E-04   4.57892893E-03   1.94394253E-02   1.07551413E-02   1.22122001E-03
   99.0000000       0.00000000      0.419999987       10.5419998       8.56253242       2.09999990      0.696826816       2.87860417       1.67061937       1.58027494      0.945921600       1.11916506      0.855145931       2.23020220      0.551454365       2.23020220       2.00784326      0.725129068       2.00785232      0.669910252      0.541137457     k_33_1_14                                                                          3.15615511E-03   1.39234699E-02   6.67083450E-03   7.56750349E-04   3.29875736E-03   1.33151449E-02   8.02491978E-03   9.61967278E-04
   99.0000000       0.00000000      0.449999988       10.5419998       8.59591007       2.09999990      0.668068051       3.02362132       1.15750682       1.08088732      0.933806419      0.621578336      0.450690776       1.46829581      0.535928428       1.46829581       1.30622959      0.630196750       1.30623627      0.536997557      0.416963696     k_33_1_15                                                                          2.27389811E-03   9.70047433E-03   5.10244863E-03   6.16630539E-04   2.46088812E-03   9.39536560E-03   6.13697292E-03   7.70973973E-04
   99.0000000       0.00000000      0.479999989       10.5419998       8.63279915       2.09999990      0.639264226       3.18125057      0.816005826      0.747867346      0.916497529      0.328201413      0.225316003      0.980106652      0.487804413      0.980106711      0.860524893      0.522551358      0.860525966      0.402204752      0.301278025     k_33_1_16                                                                          1.67031935E-03   6.84876880E-03   3.96127254E-03   5.04975673E-04   1.88787095E-03   6.78014103E-03   4.77778446E-03   6.24750508E-04
   99.0000000       0.00000000      0.509999990       10.5419998       8.67360401       2.09999990      0.610536695       3.35256720      0.581642389      0.524156988      0.901167095      0.159059376       9.76358801E-02  0.661172032      0.422583014      0.661172032      0.572974265      0.426521122      0.572975576      0.273465931      0.186272204     k_33_1_17                                                                          1.25134538E-03   4.93216654E-03   3.10441735E-03   4.21440694E-04   1.48093817E-03   4.97450307E-03   3.76569852E-03   5.09210629E-04
   99.0000000       0.00000000      0.540000021       10.5419998       8.71881199       2.09999990      0.581989408       3.53884196      0.417089731      0.367871583      0.881996274       6.47302121E-02   2.75037866E-02  0.449454755      0.352359474      0.449454814      0.381622881      0.340367794      0.381624073      0.155194938       7.47646391E-02 k_33_1_18                                                                          9.39177116E-04   3.61067778E-03   2.41997372E-03   3.43152555E-04   1.18271657E-03   3.69358994E-03   2.99175316E-03   4.15747054E-04
   99.0000000       0.00000000      0.569999993       10.5419998       8.76899529       2.09999990      0.553716183       3.74152660      0.299757183      0.260557503      0.869228542       1.47509985E-02  -8.84007011E-03  0.307132751      0.285006255      0.307132751      0.256136805      0.269397587      0.256138206       4.92098257E-02  -3.39275226E-02 k_33_1_19                                                                          7.21821620E-04   2.68309750E-03   1.91003818E-03   2.77269748E-04   9.58586053E-04   2.76628556E-03   2.38838745E-03   3.39002581E-04
   99.0000000       0.00000000      0.600000024       10.5419998       8.82485867       2.09999990      0.525793672       3.96235228      0.215236053      0.182212770      0.846571803      -9.51944757E-03  -2.14937348E-02  0.210476339      0.224755466      0.210476339      0.171465859      0.203706503      0.171465948      -4.42279428E-02 -0.117959544     k_33_1_20                                                                          5.65479393E-04   1.96905038E-03   1.49698823E-03   2.21956230E-04   7.86488585E-04   2.08433904E-03   1.91118685E-03   2.75405415E-04
   99.0000000       0.00000000      0.629999995       10.5419998       8.88724804       2.09999990      0.498288810       4.20332670      0.154029205      0.127722651      0.829210579      -1.93643030E-02  -2.33500693E-02  0.144347042      0.173393518      0.144347042      0.116047159      0.151072726      0.116048068     -0.125718385     -0.182818547     k_33_1_21                                                                          4.58539173E-04   1.45079312E-03   1.18377153E-03   1.77069160E-04   6.52015558E-04   1.57710467E-03   1.53018441E-03   2.22517294E-04
   99.0000000       0.00000000      0.660000026       10.5419998       8.95720959       2.09999990      0.471255511       4.46682835      0.109788895       8.99367183E-02  0.819178641      -2.15419866E-02  -2.23709792E-02   9.90179032E-02  0.131330892       9.90179032E-02   7.87508041E-02  0.112307683       7.87516311E-02 -0.196212798     -0.248741329     k_33_1_22                                                                          3.82945262E-04   1.07872160E-03   9.45208943E-04   1.42195961E-04   5.46140596E-04   1.19837164E-03   1.22589595E-03   1.78805611E-04
   99.0000000       0.00000000      0.689999998       10.5419998       9.03603554       2.09999990      0.444738418       4.75566626       7.77406767E-02   6.21352009E-02  0.799262404      -1.99646447E-02  -1.94626637E-02   6.77583590E-02   9.77053270E-02   6.77583590E-02   5.24038039E-02   8.15978572E-02   5.24039231E-02 -0.256810784     -0.313230872     k_33_1_23                                                                          3.14517674E-04   8.00051610E-04   7.40130374E-04   1.11248635E-04   4.61268326E-04   9.12761199E-04   9.80906538E-04   1.42616482E-04
   99.0000000       0.00000000      0.720000029       10.5419998       9.12535381       2.09999990      0.418772638       5.07318735       5.46447411E-02   4.32943515E-02  0.792287588      -1.68560240E-02  -1.59600955E-02   4.62167300E-02   7.15007633E-02   4.62167338E-02   3.53143401E-02   5.92544451E-02   3.53142694E-02 -0.308465630     -0.368641526     k_33_1_24                                                                          2.67146097E-04   6.03077991E-04   5.87983290E-04   8.77793063E-05   3.92782269E-04   6.96952455E-04   7.83983967E-04   1.12900423E-04
   99.0000000       0.00000000      0.750000000       10.5419998       9.22723198       2.09999990      0.393385559       5.42339611       3.80649753E-02   2.99911276E-02  0.787892997      -1.34018110E-02  -1.24838548E-02   3.13640758E-02   5.14667965E-02   3.13640758E-02   2.37490423E-02   4.24749777E-02   2.37493645E-02 -0.352077216     -0.416251600     k_33_1_25                                                                          2.30355115E-04   4.56436916E-04   4.67605336E-04   6.87756401E-05   3.36877303E-04   5.33110637E-04   6.25429209E-04   8.86217458E-05
   99.0000000       0.00000000      0.779999971       10.5419998       9.34434128       2.09999990      0.368597001       5.81113195       2.62781791E-02   2.06615981E-02  0.786264479      -1.01962341E-02  -9.44662560E-03   2.11800635E-02   3.64744142E-02   2.11800635E-02   1.59382932E-02   3.01082246E-02   1.59382783E-02 -0.388011426     -0.457206905     k_33_1_26                                                                          2.01966526E-04   3.47212306E-04   3.72702372E-04   5.37747837E-05   2.91270931E-04   4.08979715E-04   4.98597976E-04   6.90363377E-05
   99.0000000       0.00000000      0.810000002       10.5419998       9.48019791       2.09999990      0.344420284       6.24228859       1.79269761E-02   1.41079528E-02  0.786967814      -7.47738872E-03  -6.87872572E-03   1.41882822E-02   2.54043657E-02   1.41882831E-02   1.06685879E-02   2.09866781E-02   1.06685953E-02 -0.417102635     -0.487577885     k_33_1_27                                                                          1.79082839E-04   2.65237701E-04   2.97207269E-04   4.15976028E-05   2.53422972E-04   3.14179342E-04   3.96616641E-04   5.32698468E-05
   99.0000000       0.00000000      0.839999974       10.5419998       9.63951683       2.09999990      0.320864379       6.72409105       1.20888231E-02   9.56478249E-03  0.791208744      -5.30814985E-03  -4.91103064E-03   9.43474751E-03   1.73969716E-02   9.43474751E-03   7.10930070E-03   1.44758122E-02   7.10923364E-03 -0.439095676     -0.513449252     k_33_1_28                                                                          1.60475145E-04   2.04291762E-04   2.37773434E-04   3.21147236E-05   2.22256116E-04   2.42132926E-04   3.15427256E-04   4.07750777E-05
   99.0000000       0.00000000      0.870000005       10.5419998       9.82879353       2.09999990      0.297932804       7.26552391       8.04000348E-03   6.42275205E-03  0.798849404      -3.65239289E-03  -3.41836060E-03   6.21380704E-03   1.16923964E-02   6.21380704E-03   4.71354881E-03   9.84111149E-03   4.71359398E-03 -0.454277515     -0.532226801     k_33_1_29                                                                          1.45274957E-04   1.58527022E-04   1.90889536E-04   2.46805648E-05   1.96415756E-04   1.87159225E-04   2.50784971E-04   3.09394891E-05
   99.0000000       0.00000000      0.899999976       10.5419998       10.0572100       2.09999990      0.275625825       7.87785816       5.25805308E-03   4.24793223E-03  0.807890713      -2.43052933E-03  -2.30442570E-03   4.04278841E-03   7.68858194E-03   4.04278841E-03   3.09572974E-03   6.55235816E-03   3.09570879E-03 -0.462248921     -0.542481720     k_33_1_30                                                                          1.32445930E-04   1.23527920E-04   1.53415385E-04   1.88107879E-05   1.74841596E-04   1.45021681E-04   1.99293339E-04   2.32496168E-05
   99.0000000       0.00000000      0.930000007       10.5419998       10.3382416       2.09999990      0.253940105       8.57545853       3.37528531E-03   2.76004244E-03  0.817721248      -1.56020618E-03  -1.50324148E-03   2.59518274E-03   4.93549183E-03   2.59518204E-03   2.00842042E-03   4.26328368E-03   2.00842321E-03 -0.462244242     -0.544644356     k_33_1_31                                                                          1.21731828E-04   9.67332671E-05   1.23602993E-04   1.41997880E-05   1.57055576E-04   1.12817215E-04   1.58605413E-04   1.73191256E-05
   99.0000000       0.00000000      0.959999979       10.5419998       10.6925230       2.09999990      0.232869595       9.37689114       2.11798493E-03   1.75330217E-03  0.827816188      -9.60100326E-04  -9.46111628E-04   1.63793459E-03   3.07808560E-03   1.63793506E-03   1.28024083E-03   2.69941380E-03   1.28025201E-03 -0.453308374     -0.539617002     k_33_1_32                                                                          1.12777634E-04   7.61192932E-05   9.97617608E-05   1.06731859E-05   1.42511257E-04   8.81512460E-05   1.26540341E-04   1.27869498E-05
   99.0000000       0.00000000      0.990000010       10.5419998       11.1534424       2.09999990      0.212406099       10.3065872       1.29442173E-03   1.08515087E-03  0.838328660      -5.62952540E-04  -5.69808355E-04   1.01294555E-03   1.85737433E-03   1.01294555E-03   8.00245733E-04   1.65495928E-03   8.00247537E-04 -0.434906602     -0.525095999     k_33_1_33                                                                          1.05760475E-04   6.03574154E-05   8.11059654E-05   7.96258973E-06   1.31134977E-04   6.93864131E-05   1.01592501E-04   9.37790537E-06
   99.0000000       0.00000000       1.01999998       10.5419998       11.7791061       2.09999990      0.192539662       11.3973408       7.62266573E-04   6.46673725E-04  0.848356426      -3.08380259E-04  -3.23967979E-04   6.08076400E-04   1.07064680E-03   6.08076400E-04   4.84687567E-04   9.70641675E-04   4.84691991E-04 -0.404556960     -0.500975966     k_33_1_34                                                                          1.00435056E-04   4.81460083E-05   6.63447208E-05   5.89557567E-06   1.22461308E-04   5.49867473E-05   8.21165158E-05   6.82182326E-06
   99.0000000       0.00000000       1.04999995       10.5419998       12.6813335       2.09999990      0.173259005       12.6942062       4.27027786E-04   3.66220600E-04  0.857603669      -1.54328736E-04  -1.70589003E-04   3.49863491E-04   5.81356580E-04   3.49863374E-04   2.80924141E-04   5.36809617E-04   2.80928100E-04 -0.361402094     -0.465809405     k_33_1_35                                                                          9.71006084E-05   3.87553519E-05   5.49321921E-05   4.36758091E-06   1.16762611E-04   4.40512304E-05   6.71949238E-05   4.93681910E-06
   99.0000000       0.00000000       1.08000004       10.5419998       14.1101332       2.09999990      0.154551193       14.2608852       2.19346082E-04   1.89647893E-04  0.864605784      -6.60509395E-05  -7.87908284E-05   1.86320598E-04   2.85396993E-04   1.86320598E-04   1.50252410E-04   2.68438744E-04   1.50252527E-04 -0.301126599     -0.415458500     k_33_1_36                                                                          9.52450355E-05   3.13026212E-05   4.57825627E-05   3.18661114E-06   1.13396200E-04   3.54959993E-05   5.54890430E-05   3.53117139E-06
   99.0000000       0.00000000       1.11000001       10.5419998       16.7847862       2.09999990      0.136403054       16.1903381       9.73073329E-05   8.48314812E-05  0.871789217      -2.19649664E-05  -2.99441162E-05   8.63248497E-05   1.19272307E-04   8.63248424E-05   6.98593576E-05   1.14775597E-04   6.98594667E-05 -0.225727767     -0.352983534     k_33_1_37                                                                          9.67114975E-05   2.57701977E-05   3.91850081E-05   2.34514300E-06   1.14134578E-04   2.91646902E-05   4.69972947E-05   2.52587051E-06
   99.0000000       0.00000000       1.13999999       10.5419998       24.3216133       2.09999990      0.118800357       18.6238995       2.85037386E-05   2.49872628E-05  0.876631081      -3.72687146E-06  -6.83781263E-06   2.66403076E-05   3.22306078E-05   2.66402967E-05   2.15682157E-05   3.18250786E-05   2.15684995E-05 -0.130750269     -0.273651928     k_33_1_38                                                                          1.01688493E-04   2.15764376E-05   3.44201144E-05   1.72955515E-06   1.19678763E-04   2.44341172E-05   4.09660897E-05   1.80204279E-06
