 #! thr0[f,0]/ phr0[f,1]/ pr[f,2]/ ei[f,3]/ th_e[f,4]/ q2[f,5]/ x[f,6]/ plab[f,7]/ crs0[f,8]/ crs12[f,9]/  ratio[f,10]/ crs_ten0[f,11]/ crs_ten12[f,12]/  crs_pol0_-1[f,13]/ crs_pol0_0[f,14]/ crs_pol0_1[f,15]/ crs_pol12_-1[f,16]/ crs_pol12_0[f,17]/ crs_pol12_1[f,18]/ asym0[f,19]/ asym12[f,20]/ ID[s,21]/ w_l[f,22]/ w_t[f,23]/ w_lt[f,24]/ w_tt[f,25]/ w_l_pwia[f,26]/ w_t_pwia[f,27]/ w_lt_pwia[f,28]/ w_tt_pwia[f,29]/ 
   99.0000000       0.00000000       0.00000000       10.5419998       16.1991711       6.09999990      0.998723328       4.08578491       518.529724       506.861755      0.977497995      -3.86324525E-03  -1.89423478       518.527832       518.533630       518.527832       505.914612       508.755920       505.914612      -7.45038324E-06  -3.73718236E-03 k_33_41_0                                                                          5.61308289       55.5658646       2.43970368E-04  -2.09808350E-05   5.74535656       56.8432388       4.33680869E-19   0.00000000    
   99.0000000       0.00000000       2.99999993E-02   10.5419998       16.2252197       6.09999990      0.991647661       4.13340425       251.950882       244.430420      0.970151067       3.59629059       2.26611376       253.749039       248.354614       253.749039       245.563507       242.164337       245.563538       1.42737767E-02   9.27099772E-03 k_33_41_1                                                                          2.67517591       26.2222710      0.907094836       5.21373749E-03   2.76058030       27.0414162      0.922137499       5.29861450E-03
   99.0000000       0.00000000       5.99999987E-02   10.5419998       16.2576046       6.09999990      0.983035803       4.19225025       65.6067352       61.8952103      0.943427682       3.73320389       3.01044822       67.4733353       61.8735313       67.4733353       63.4004326       58.8847618       63.4004402       5.69027551E-02   4.86378223E-02 k_33_41_2                                                                         0.673389792       6.51511383      0.459622562       5.29313087E-03  0.716317236       6.91839933      0.474434674       5.42783737E-03
   99.0000000       0.00000000       9.00000036E-02   10.5419998       16.2967014       6.09999990      0.972902596       4.26277304       18.4204884       16.6535091      0.904075325       2.34201813       1.93577433       19.5914955       16.0784702       19.5914955       17.6213951       14.7177343       17.6213951      0.127142027      0.116238222     k_33_41_3                                                                         0.181490853       1.72370243      0.187058851       3.22562456E-03  0.201981381       1.91540456      0.198302731       3.38149071E-03
   99.0000000       0.00000000      0.119999997       10.5419998       16.3428574       6.09999990      0.961296082       4.34530926       6.10066605       5.26381302      0.862825930       1.36160743       1.12424517       6.78147030       4.73905897       6.78147078       5.82593441       4.13956738       5.82593584      0.223189965      0.213579997     k_33_41_4                                                                          5.79500236E-02  0.537118435       7.96888992E-02   1.82631612E-03   6.77190199E-02  0.627777934       8.73070955E-02   1.97061896E-03
   99.0000000       0.00000000      0.150000006       10.5419998       16.3965054       6.09999990      0.948266685       4.44028282       2.31315136       1.86096871      0.804516613      0.789801002      0.637516260       2.70805192       1.52335048       2.70805216       2.17972589       1.22345233       2.17972708      0.341439396      0.342572272     k_33_41_5                                                                          2.07918640E-02  0.187493622       3.59592699E-02   1.02835149E-03   2.62087006E-02  0.236422718       4.14480306E-02   1.15974993E-03
   99.0000000       0.00000000      0.180000007       10.5419998       16.4581203       6.09999990      0.933881342       4.54811525      0.972730696      0.732354939      0.752885580      0.462634087      0.363919586       1.20404756      0.510096550       1.20404756      0.914314628      0.368435353      0.914314806      0.475603461      0.496916950     k_33_41_6                                                                          8.46199133E-03   7.31036812E-02   1.72744785E-02   5.86319715E-04   1.13467192E-02   9.91149992E-02   2.10480392E-02   7.00149685E-04
   99.0000000       0.00000000      0.209999993       10.5419998       16.5282955       6.09999990      0.918206692       4.66933298      0.444263428      0.333334684      0.750308633      0.273487389      0.214472368      0.581007183      0.170776069      0.581007004      0.440570742      0.118862279      0.440570891      0.615597367      0.643414497     k_33_41_7                                                                          4.04390413E-03   3.34853455E-02   8.96763802E-03   3.48566100E-04   5.38332481E-03   4.52989712E-02   1.13392547E-02   4.35477123E-04
   99.0000000       0.00000000      0.239999995       10.5419998       16.6077175       6.09999990      0.901315093       4.80453873      0.217688739      0.162205607      0.745126307      0.162615120      0.125299171      0.298996300       5.50735891E-02  0.298996300      0.224855259       3.69064249E-02  0.224855095      0.747007489      0.772471249     k_33_41_8                                                                          2.09534005E-03   1.64996218E-02   4.89784777E-03   2.10944563E-04   2.76605994E-03   2.22981479E-02   6.45083422E-03   2.79853120E-04
   99.0000000       0.00000000      0.270000011       10.5419998       16.6972237       6.09999990      0.883281231       4.95443201      0.113668382       8.65647122E-02  0.761554897       9.68746245E-02   7.31643513E-02  0.162105709       1.67937651E-02  0.162105709      0.123146854       1.34003600E-02  0.123146951      0.852256536      0.845198333     k_33_41_9                                                                          1.19398022E-03   9.02242772E-03   2.85751582E-03   1.35696027E-04   1.52955961E-03   1.17435828E-02   3.86827555E-03   1.86371151E-04
   99.0000000       0.00000000      0.300000012       10.5419998       16.7977715       6.09999990      0.864185095       5.11979246       6.29795939E-02   5.33573367E-02  0.847216249       5.75984232E-02   4.40585800E-02   9.17788073E-02   5.38117439E-03   9.17787999E-02   7.53865391E-02   9.29875486E-03   7.53867179E-02  0.914556921      0.825726748     k_33_41_10                                                                         7.92670297E-04   5.80294430E-03   1.84969848E-03   9.33918636E-05   9.06821922E-04   6.59030769E-03   2.44301348E-03   1.28933461E-04
   99.0000000       0.00000000      0.330000013       10.5419998       16.9104958       6.09999990      0.844111979       5.30147839       3.68622728E-02   3.02077737E-02  0.819476724       3.40348370E-02   2.41654888E-02   5.38796969E-02   2.82743620E-03   5.38796969E-02   4.22904342E-02   6.04228489E-03   4.22905982E-02  0.923297286      0.799975812     k_33_41_11                                                                         4.77710622E-04   3.36357066E-03   1.18286372E-03   6.51133014E-05   5.74120320E-04   3.92408529E-03   1.62177719E-03   9.26911598E-05
   99.0000000       0.00000000      0.360000014       10.5419998       17.0367813       6.09999990      0.823141277       5.50053644       2.26560626E-02   1.92276854E-02  0.848677278       1.98959690E-02   1.32059734E-02   3.26040462E-02   2.76009599E-03   3.26040499E-02   2.58305911E-02   6.02171058E-03   2.58307494E-02  0.878174186      0.686820745     k_33_41_12                                                                         3.17757716E-04   2.23858887E-03   8.16237356E-04   4.87313373E-05   3.86024971E-04   2.46497709E-03   1.12705922E-03   6.90788729E-05
   99.0000000       0.00000000      0.389999986       10.5419998       17.1782703       6.09999990      0.801355243       5.71813440       1.45078162E-02   1.24998800E-02  0.861596227       1.14424452E-02   6.81251008E-03   2.02290397E-02   3.06536956E-03   2.02290397E-02   1.59061141E-02   5.68737090E-03   1.59061588E-02  0.788708985      0.545006037     k_33_41_13                                                                         2.20653223E-04   1.50776631E-03   5.97271719E-04   3.78245022E-05   2.73624843E-04   1.62129803E-03   8.14810628E-04   5.30995312E-05
   99.0000000       0.00000000      0.419999987       10.5419998       17.3369370       6.09999990      0.778836906       5.95559454       9.59519949E-03   8.30039103E-03  0.865056634       6.42792135E-03   3.29807168E-03   1.28091611E-02   3.16727790E-03   1.28091592E-02   9.94941313E-03   5.00231888E-03   9.94943734E-03  0.669910133      0.397339314     k_33_41_14                                                                         1.59897711E-04   1.03058829E-03   4.58343769E-04   3.06467991E-05   2.02782379E-04   1.10731972E-03   6.08275295E-04   4.18272102E-05
   99.0000000       0.00000000      0.449999988       10.5419998       17.5152016       6.09999990      0.755665004       6.21445942       6.49571093E-03   5.74568706E-03  0.884535551       3.48818093E-03   1.42495474E-03   8.23980011E-03   3.00753000E-03   8.23980197E-03   6.45815209E-03   4.32073185E-03   6.45817537E-03  0.536997557      0.248004243     k_33_41_15                                                                         1.21413905E-04   7.45189318E-04   3.58914956E-04   2.53182370E-05   1.55778893E-04   7.78629677E-04   4.65219811E-04   3.35224613E-05
   99.0000000       0.00000000      0.479999989       10.5419998       17.7160206       6.09999990      0.731917024       6.49649382       4.46587196E-03   4.01170133E-03  0.898301899       1.79619505E-03   5.36782143E-04   5.36396960E-03   2.66967714E-03   5.36396960E-03   4.28008148E-03   3.47491936E-03   4.28010337E-03  0.402204782      0.133804113     k_33_41_16                                                                         9.30317547E-05   5.47243748E-04   2.83973088E-04   2.10830476E-05   1.23127160E-04   5.59579523E-04   3.62053630E-04   2.71647004E-05
   99.0000000       0.00000000      0.509999990       10.5419998       17.9430580       6.09999990      0.707667649       6.80373192       3.09747225E-03   2.78801424E-03  0.900093377       8.47053016E-04   9.17007346E-05   3.52099864E-03   2.25041877E-03   3.52099864E-03   2.83385953E-03   2.69631343E-03   2.83386931E-03  0.273465902       3.28910574E-02 k_33_41_17                                                                         7.23174162E-05   4.01954690E-04   2.24950374E-04   1.74764573E-05   9.95093942E-05   4.08569293E-04   2.85102462E-04   2.21408409E-05
   99.0000000       0.00000000      0.540000021       10.5419998       18.2009087       6.09999990      0.682988167       7.13852453       2.15558405E-03   1.92377088E-03  0.892459214       3.34535755E-04  -1.09218636E-04   2.32285215E-03   1.82104821E-03   2.32285168E-03   1.86916033E-03   2.03298940E-03   1.86916196E-03  0.155194953      -5.67732044E-02 k_33_41_18                                                                         5.71617202E-05   2.94893980E-04   1.77888738E-04   1.43414654E-05   8.18227199E-05   3.01660068E-04   2.26164615E-04   1.80770003E-05
   99.0000000       0.00000000      0.569999993       10.5419998       18.4953938       6.09999990      0.657947719       7.50358248       1.49869965E-03   1.31788489E-03  0.879352212       7.37506707E-05  -1.80386283E-04   1.53557502E-03   1.42494892E-03   1.53557479E-03   1.22769200E-03   1.49827113E-03   1.22769142E-03   4.92097735E-02 -0.136875600     k_33_41_19                                                                         4.59569274E-05   2.16368906E-04   1.40431526E-04   1.16730225E-05   6.81951351E-05   2.24470539E-04   1.80157556E-04   1.47401006E-05
   99.0000000       0.00000000      0.600000024       10.5419998       18.8340683       6.09999990      0.632607698       7.90211391       1.03709626E-03   8.94520839E-04  0.862524390      -4.58686154E-05  -1.87924757E-04   1.01416197E-03   1.08296482E-03   1.01416197E-03   8.00559006E-04   1.08244573E-03   8.00557900E-04  -4.42279242E-02 -0.210084274     k_33_41_20                                                                         3.75698655E-05   1.58676121E-04   1.10516608E-04   9.38653102E-06   5.74330807E-05   1.67898164E-04   1.43738696E-04   1.19748656E-05
   99.0000000       0.00000000      0.629999995       10.5419998       19.2267952       6.09999990      0.607029259       8.33782101       7.11976783E-04   6.00756670E-04  0.843786895      -8.95085541E-05  -1.65446996E-04   6.67222543E-04   8.01485265E-04   6.67222426E-04   5.18032466E-04   7.66203622E-04   5.18033688E-04 -0.125718355     -0.275397688     k_33_41_21                                                                         3.12163720E-05   1.16301424E-04   8.66575137E-05   7.50225445E-06   4.87606558E-05   1.25996274E-04   1.14650029E-04   9.67524829E-06
   99.0000000       0.00000000      0.660000026       10.5419998       19.6868134       6.09999990      0.581268489       8.81506538       4.84106131E-04   3.99341778E-04  0.824905455      -9.49877867E-05  -1.34118163E-04   4.36612201E-04   5.79093932E-04   4.36612201E-04   3.32283234E-04   5.33459941E-04   3.32282187E-04 -0.196212739     -0.335848063     k_33_41_22                                                                         2.63825495E-05   8.53428501E-05   6.78919969E-05   5.94597441E-06   4.17130250E-05   9.48655288E-05   9.14218763E-05   7.77462265E-06
   99.0000000       0.00000000      0.689999998       10.5419998       20.2323208       6.09999990      0.555376768       9.33901501       3.24736029E-04   2.62146117E-04  0.807259083      -8.33957019E-05  -1.02307837E-04   2.83038185E-04   4.08131746E-04   2.83038185E-04   2.10992235E-04   3.64453910E-04   2.10992090E-04 -0.256810755     -0.390270263     k_33_41_23                                                                         2.25839394E-05   6.27278423E-05   5.30833277E-05   4.67059181E-06   3.58714860E-05   7.15310962E-05   7.27380175E-05   6.20106584E-06
   99.0000000       0.00000000      0.720000029       10.5419998       20.8890457       6.09999990      0.529402077       9.91579914       2.14357002E-04   1.69644118E-04  0.791409254      -6.61217491E-05  -7.48132006E-05   1.81296142E-04   2.80478765E-04   1.81296156E-04   1.32237314E-04   2.44457333E-04   1.32237721E-04 -0.308465540     -0.441000849     k_33_41_24                                                                         1.95527391E-05   4.62297721E-05   4.14450151E-05   3.64267908E-06   3.09997922E-05   5.40226683E-05   5.77453829E-05   4.90902130E-06
   99.0000000       0.00000000      0.750000000       10.5419998       21.6947441       6.09999990      0.503388107       10.5527706       1.38657924E-04   1.07798194E-04  0.777439833      -4.88182923E-05  -5.23031413E-05   1.14248789E-04   1.87476209E-04   1.14248789E-04   8.16466418E-05   1.60101321E-04   8.16465981E-05 -0.352077186     -0.485194981     k_33_41_25                                                                         1.71054926E-05   3.41285922E-05   3.23183922E-05   2.82185101E-06   2.68917265E-05   4.08369669E-05   4.57045535E-05   3.85335443E-06
   99.0000000       0.00000000      0.779999971       10.5419998       22.7072945       6.09999990      0.477375388       11.2587776       8.75828628E-05   6.72064198E-05  0.767346680      -3.39831531E-05  -3.51725284E-05   7.05912753E-05   1.21566009E-04   7.05912753E-05   4.96200919E-05   1.02378959E-04   4.96202156E-05 -0.388011456     -0.523350716     k_33_41_26                                                                         1.51167797E-05   2.53624603E-05   2.52431710E-05   2.16780973E-06   2.34374293E-05   3.09357783E-05   3.61043094E-05   3.00176180E-06
   99.0000000       0.00000000      0.810000002       10.5419998       24.0208035       6.09999990      0.451400042       12.0446043       5.35749859E-05   4.07670705E-05  0.760934770      -2.23462685E-05  -2.25745480E-05   4.24018581E-05   7.59212635E-05   4.24018581E-05   2.94799011E-05   6.33416130E-05   2.94796846E-05 -0.417102635     -0.553744674     k_33_41_27                                                                         1.34463344E-05   1.89320217E-05   1.97209829E-05   1.66888640E-06   2.04873249E-05   2.34510153E-05   2.84196904E-05   2.31622835E-06
   99.0000000       0.00000000      0.839999974       10.5419998       25.8003902       6.09999990      0.425495207       12.9234877       3.14687422E-05   2.38570174E-05  0.758117914      -1.38177920E-05  -1.37304878E-05   2.45598512E-05   4.52865388E-05   2.45598476E-05   1.69917057E-05   3.75875097E-05   1.69918385E-05 -0.439095795     -0.575532436     k_33_41_28                                                                         1.20562918E-05   1.42304007E-05   1.54374793E-05   1.27597650E-06   1.79942199E-05   1.78239243E-05   2.23326479E-05   1.77292168E-06
   99.0000000       0.00000000      0.870000005       10.5419998       28.3688393       6.09999990      0.399690509       13.9118681       1.74362613E-05   1.32353016E-05  0.759067655      -7.92090395E-06  -7.74718774E-06   1.34758120E-05   2.53571652E-05   1.34758120E-05   9.36165270E-06   2.09824921E-05   9.36176548E-06 -0.454277664     -0.585342765     k_33_41_29                                                                         1.08835611E-05   1.07746200E-05   1.21005405E-05   9.69550001E-07   1.58785679E-05   1.35812352E-05   1.75164078E-05   1.34527818E-06
   99.0000000       0.00000000      0.899999976       10.5419998       32.4695854       6.09999990      0.374012947       15.0303717       8.80195694E-06   6.72772831E-06  0.764344633      -4.06869594E-06  -4.00068984E-06   6.76760874E-06   1.28706515E-05   6.76760919E-06   4.72735974E-06   1.07284177E-05   4.72740612E-06 -0.462249011     -0.594656885     k_33_41_30                                                                         9.86835039E-06   8.21512731E-06   9.51122456E-06   7.34474952E-07   1.40746533E-05   1.03705916E-05   1.37078423E-05   1.01091700E-06
   99.0000000       0.00000000      0.930000007       10.5419998       40.3849449       6.09999990      0.348486394       16.3052902       3.72379873E-06   2.88439901E-06  0.774585128      -1.72130422E-06  -1.72660759E-06   2.86314616E-06   5.44510249E-06   2.86314594E-06   2.02109823E-06   4.61100626E-06   2.02109186E-06 -0.462244153     -0.598602176     k_33_41_31                                                                         8.99563929E-06   6.32169167E-06   7.50357140E-06   5.54289272E-07   1.25579072E-05   7.94915286E-06   1.07220849E-05   7.53052063E-07
   99.0000000       0.00000000      0.959999979       10.5419998       66.4193344       6.09999990      0.323131889       17.7706013       9.21072626E-07   7.26476799E-07  0.788729131      -4.17529947E-07  -4.27832617E-07   7.12307497E-07   1.33860249E-06   7.12307497E-07   5.12559268E-07   1.15430930E-06   5.12561655E-07 -0.453308374     -0.588914335     k_33_41_32                                                                         8.26845371E-06   4.89246213E-06   5.92996503E-06   4.15298246E-07   1.12929274E-05   6.11991391E-06   8.38939468E-06   5.55985480E-07
