 init--> using wave function type :            2
  
          Subroutine Bystricky_dat: Reading data files
  
 init-->done
 start PWIA calc
   3.70000005       0.00000000       10.0000000      0.998538196       2.75662327       5531.87646       1.40129846E-45   0.00000000    
 start PWIA calc
   3.70000005       1.99999996E-02   10.0000000       1.02780271       2.63762522       4034.77344       1.40129846E-45   0.00000000    
 start PWIA calc
   3.70000005       3.99999991E-02   10.0000000       1.05699480       2.52493310       1854.26367       1.40129846E-45   0.00000000    
 start PWIA calc
   3.70000005       5.99999987E-02   10.0000000       1.08609545       2.41806126       768.645325       1.40129846E-45   0.00000000    
 start PWIA calc
   3.70000005       7.99999982E-02   10.0000000       1.11507869       2.31659389       333.052002       1.40129846E-45   0.00000000    
 start PWIA calc
   3.70000005      0.100000001       10.0000000       1.14392126       2.22014594       155.442581       1.40129846E-45   0.00000000    
 start PWIA calc
   3.70000005      0.119999997       10.0000000       1.17259741       2.12837029       77.7912445       1.40129846E-45   0.00000000    
 start PWIA calc
   3.70000005      0.140000001       10.0000000       1.20108104       2.04095268       41.2889175       1.40129846E-45   0.00000000    
 start PWIA calc
   3.70000005      0.159999996       10.0000000       1.22934723       1.95760131       23.0123215       1.40129846E-45   0.00000000    
 start PWIA calc
   3.70000005      0.180000007       10.0000000       1.25736821       1.87805617       13.3689041       1.40129846E-45   0.00000000    
 start PWIA calc
   3.70000005      0.200000003       10.0000000       1.28511786       1.80207443       8.05664539       1.40129846E-45   0.00000000    
 start PWIA calc
   3.70000005      0.219999999       10.0000000       1.31256914       1.72943485       5.02368164       1.40129846E-45   0.00000000    
 start PWIA calc
   3.70000005      0.239999995       10.0000000       1.33969438       1.65993595       3.23890615       1.40129846E-45   0.00000000    
 start PWIA calc
   3.70000005      0.259999990       10.0000000       1.36646724       1.59338903       2.16025281       1.40129846E-45   0.00000000    
 start PWIA calc
   3.70000005      0.280000001       10.0000000       1.39286089       1.52962077       1.49222744       1.40129846E-45   1.40129846E-45
 start PWIA calc
   3.70000005      0.300000012       10.0000000       1.41884911       1.46847153       1.06856036       1.40129846E-45   1.40129846E-45
 start PWIA calc
   3.70000005      0.319999993       10.0000000       1.44440424       1.40979755      0.793258429       1.40129846E-45   1.40129846E-45
 start PWIA calc
   3.70000005      0.340000004       10.0000000       1.46950281       1.35345793      0.609631598       1.40129846E-45   2.80259693E-45
 start PWIA calc
   3.70000005      0.360000014       10.0000000       1.49411798       1.29932940      0.483583182       1.40129846E-45   2.80259693E-45
 start PWIA calc
   3.70000005      0.379999995       10.0000000       1.51822579       1.24729443      0.394324005       1.40129846E-45   4.20389539E-45
 start PWIA calc
   3.70000005      0.400000006       10.0000000       1.54180253       1.19724536      0.328977287       1.40129846E-45   4.20389539E-45
 start PWIA calc
   3.70000005      0.419999987       10.0000000       1.56482494       1.14908302      0.279476881       1.40129846E-45   5.60519386E-45
 start PWIA calc
   3.70000005      0.439999998       10.0000000       1.58727157       1.10271382      0.240716204       1.40129846E-45   5.60519386E-45
 start PWIA calc
   3.70000005      0.460000008       10.0000000       1.60912061       1.05805445      0.209431693       1.40129846E-45   7.00649232E-45
 start PWIA calc
   3.70000005      0.479999989       10.0000000       1.63035071       1.01502943      0.183505684       1.40129846E-45   7.00649232E-45
 start PWIA calc
   3.70000005      0.500000000       10.0000000       1.65094352      0.973565757      0.161553308       1.40129846E-45   8.40779079E-45
 start PWIA calc
   3.70000005      0.519999981       10.0000000       1.67088091      0.933598340      0.142651066       1.40129846E-45   9.80908925E-45
 start PWIA calc
   3.70000005      0.540000021       10.0000000       1.69014573      0.895070195      0.126178354       1.40129846E-45   1.12103877E-44
 start PWIA calc
   3.70000005      0.560000002       10.0000000       1.70872092      0.857931852      0.111682065       1.40129846E-45   1.26116862E-44
 start PWIA calc
   3.70000005      0.579999983       10.0000000       1.72659147      0.822138190       9.88598540E-02   1.40129846E-45   1.40129846E-44
 start PWIA calc
   3.70000005      0.600000024       10.0000000       1.74374425      0.787647545       8.74733776E-02   1.40129846E-45   1.54142831E-44
 start PWIA calc
   3.70000005      0.620000005       10.0000000       1.76016665      0.754429102       7.73537531E-02   1.40129846E-45   1.82168800E-44
 start PWIA calc
   3.70000005      0.639999986       10.0000000       1.77584422      0.722463787       6.83301017E-02   1.40129846E-45   2.10194770E-44
 start PWIA calc
   3.70000005      0.660000026       10.0000000       1.79077053      0.691722691       6.03087619E-02   1.40129846E-45   2.38220739E-44
 start PWIA calc
   3.70000005      0.680000007       10.0000000       1.80493140      0.662208974       5.31686805E-02   1.40129846E-45   2.66246708E-44
 start PWIA calc
   3.70000005      0.699999988       10.0000000       1.81832278      0.633908331       4.68327887E-02   1.40129846E-45   2.94272678E-44
 start PWIA calc
   3.70000005      0.720000029       10.0000000       1.83094001      0.606823564       4.12041880E-02   1.40129846E-45   3.36311631E-44
 start PWIA calc
   3.70000005      0.740000010       10.0000000       1.84276521      0.580994010       3.62163298E-02   1.40129846E-45   3.92363570E-44
 start PWIA calc
   3.70000005      0.759999990       10.0000000       1.85380495      0.556419730       3.18066627E-02   1.40129846E-45   4.34402524E-44
 start PWIA calc
   3.70000005      0.779999971       10.0000000       1.86405230      0.533141017       2.79141385E-02   1.40129846E-45   5.04467447E-44
 start PWIA calc
   3.70000005      0.800000012       10.0000000       1.87350488      0.511201978       2.44794395E-02   1.40129846E-45   5.74532370E-44
 start PWIA calc
   3.70000005      0.819999993       10.0000000       1.88216114      0.490656644       2.14569159E-02   1.40129846E-45   6.58610278E-44
 start PWIA calc
   3.70000005      0.839999974       10.0000000       1.89001954      0.471573204       1.88034121E-02   1.40129846E-45   7.42688186E-44
 start PWIA calc
   3.70000005      0.860000014       10.0000000       1.89708102      0.454025239       1.64754484E-02   1.40129846E-45   8.54792063E-44
 start PWIA calc
   3.70000005      0.879999995       10.0000000       1.90334868      0.438090533       1.44374082E-02   1.40129846E-45   9.66895940E-44
 start PWIA calc
   3.70000005      0.899999976       10.0000000       1.90882444      0.423858136       1.26548754E-02   1.40129846E-45   1.10702579E-43
 start PWIA calc
   3.70000005      0.920000017       10.0000000       1.91351283      0.411416799       1.11061651E-02   1.40129846E-45   1.26116862E-43
 start PWIA calc
   3.70000005      0.939999998       10.0000000       1.91741669      0.400859356       9.75485705E-03   1.40129846E-45   1.44333742E-43
 start PWIA calc
   3.70000005      0.959999979       10.0000000       1.92054546      0.392258167       8.58106371E-03   1.40129846E-45   1.63951920E-43
 start PWIA calc
   3.70000005      0.980000019       10.0000000       1.92290211      0.385688961       7.57379737E-03   1.40129846E-45   1.84971397E-43
 start PWIA calc
   3.70000005       1.00000000       10.0000000       1.92449677      0.381200165       6.70371670E-03   1.40129846E-45   2.08793471E-43
