 #! thr0[f,0]/ phr0[f,1]/ pr[f,2]/ ei[f,3]/ th_e[f,4]/ q2[f,5]/ x[f,6]/ plab[f,7]/ crs0[f,8]/ crs12[f,9]/  ratio[f,10]/ crs_ten0[f,11]/ crs_ten12[f,12]/  crs_pol0_-1[f,13]/ crs_pol0_0[f,14]/ crs_pol0_1[f,15]/ crs_pol12_-1[f,16]/ crs_pol12_0[f,17]/ crs_pol12_1[f,18]/ asym0[f,19]/ asym12[f,20]/ ID[s,21]/ w_l[f,22]/ w_t[f,23]/ w_lt[f,24]/ w_tt[f,25]/ w_l_pwia[f,26]/ w_t_pwia[f,27]/ w_lt_pwia[f,28]/ w_tt_pwia[f,29]/ 
   96.0000000       0.00000000       0.00000000       10.5419998       19.3977242       7.69999981      0.998782694       4.95759821       149.194397       145.815063      0.977349460      -1.11589523E-03 -0.540418744       149.193832       149.195496       149.193832       145.544846       146.355484       145.544846      -7.47947161E-06  -3.70619283E-03 k_32_57_0                                                                          2.81269312       30.1526413       1.57716742E-04  -1.14440918E-05   2.88052011       30.8501968      -2.16840434E-19   0.00000000    
   96.0000000       0.00000000       2.99999993E-02   10.5419998       19.4277573       7.69999981      0.994019449       4.99764442       72.4340744       70.3164749      0.970765173       1.07922840      0.695674598       72.9737091       71.3548660       72.9737015       70.6643219       69.6208115       70.6643219       1.48994569E-02   9.89347976E-03 k_32_57_1                                                                          1.34011090       14.2407780      0.488157332       2.40182877E-03   1.38105345       14.6759739      0.496109754       2.46381760E-03
   96.0000000       0.00000000       5.99999987E-02   10.5419998       19.4677792       7.69999981      0.987775862       5.05070400       18.8450470       17.7818661      0.943583012       1.11936355      0.909931302       19.4047298       17.7256813       19.4047241       18.2368336       16.8719330       18.2368298       5.93982898E-02   5.11718690E-02 k_32_57_2                                                                         0.336636543       3.53723121      0.246917099       2.46524811E-03  0.357721686       3.75488043      0.254942268       2.52354145E-03
   96.0000000       0.00000000       9.00000036E-02   10.5419998       19.5179920       7.69999981      0.980105817       5.11678696       5.28643322       4.77009106      0.902326941      0.701604843      0.581098080       5.63723469       4.58482790       5.63723516       5.06063938       4.18899298       5.06064034      0.132717997      0.121821173     k_32_57_3                                                                          9.04748067E-02  0.934042692      0.100328557       1.50042772E-03  0.100737907       1.03959513      0.106432378       1.57231092E-03
   96.0000000       0.00000000      0.119999997       10.5419998       19.5789051       7.69999981      0.971036315       5.19623613       1.74915493       1.48582768      0.849454582      0.407515049      0.333185226       1.95291257       1.34163964       1.95291245       1.65242028       1.15264261       1.65242076      0.232978255      0.224242166     k_32_57_4                                                                          2.84638237E-02  0.286950171       4.23994139E-02   8.46102834E-04   3.37472185E-02  0.340741158       4.68023792E-02   9.16317105E-04
   96.0000000       0.00000000      0.150000006       10.5419998       19.6512394       7.69999981      0.960587978       5.28957510      0.662523210      0.528078258      0.797071338      0.236132354      0.188925311      0.780589342      0.426390797      0.780589283      0.622540712      0.339152813      0.622541010      0.356413722      0.357760072     k_32_57_5                                                                          1.03529533E-02  0.100870691       1.91643666E-02   4.77731228E-04   1.30562000E-02  0.128329456       2.21915971E-02   5.39310277E-04
   96.0000000       0.00000000      0.180000007       10.5419998       19.7355919       7.69999981      0.948824465       5.39706230      0.278286844      0.208716631      0.750005364      0.138158783      0.107767075      0.347366303      0.140128061      0.347366273      0.262600124      0.100949571      0.262600213      0.496461779      0.516331971     k_32_57_6                                                                          4.23781993E-03   3.96339223E-02   9.18054953E-03   2.73315236E-04   5.65312663E-03   5.38018346E-02   1.12551106E-02   3.25588509E-04
   96.0000000       0.00000000      0.209999993       10.5419998       19.8328819       7.69999981      0.935787678       5.51926327      0.126934305       9.07813087E-02  0.715183437       8.15673470E-02   6.17864393E-02  0.167717993       4.53669429E-02  0.167717993      0.121674471       2.89948620E-02  0.121674590      0.642594993      0.680607498     k_32_57_7                                                                          1.93515862E-03   1.72884651E-02   4.63172048E-03   1.58982351E-04   2.68351287E-03   2.45902948E-02   6.05557067E-03   2.02507712E-04
   96.0000000       0.00000000      0.239999995       10.5419998       19.9441128       7.69999981      0.921537995       5.65669823       6.21073917E-02   4.47009057E-02  0.719735682       4.84293960E-02   3.58160809E-02   8.63220915E-02   1.36779975E-02   8.63220915E-02   6.26088977E-02   8.88482668E-03   6.26089871E-02  0.779768646      0.801238358     k_32_57_8                                                                          1.02806336E-03   8.64886586E-03   2.52497336E-03   9.72021371E-05   1.38016581E-03   1.21048409E-02   3.44028859E-03   1.30136963E-04
   96.0000000       0.00000000      0.270000011       10.5419998       20.0704880       7.69999981      0.906138837       5.80997324       3.23768593E-02   2.36980934E-02  0.731945395       2.88035329E-02   2.06064600E-02   4.67786230E-02   3.57332779E-03   4.67786305E-02   3.40011045E-02   3.09163099E-03   3.40015441E-02  0.889633298      0.869540870     k_32_57_9                                                                          5.84763475E-04   4.70596924E-03   1.45270757E-03   6.16270117E-05   7.64209311E-04   6.37523364E-03   2.06001615E-03   8.66665505E-05
   96.0000000       0.00000000      0.300000012       10.5419998       20.2134953       7.69999981      0.889650822       5.97984886       1.79055650E-02   1.40407076E-02  0.784153283       1.70938317E-02   1.18926736E-02   2.64524817E-02   8.11731908E-04   2.64524817E-02   1.99870244E-02   2.14803289E-03   1.99870616E-02  0.954665840      0.847013831     k_32_57_10                                                                         3.74470255E-04   2.89466977E-03   9.13875469E-04   4.08065971E-05   4.53809800E-04   3.57763539E-03   1.29901839E-03   5.99566847E-05
   96.0000000       0.00000000      0.330000013       10.5419998       20.3748627       7.69999981      0.872143984       6.16711855       1.04581369E-02   8.39758199E-03  0.802971125       1.00794435E-02   6.53275801E-03   1.54978596E-02   3.78692523E-04   1.54978577E-02   1.16639454E-02   1.86482491E-03   1.16639752E-02  0.963789582      0.777933240     k_32_57_11                                                                         2.40439491E-04   1.79113622E-03   5.98229526E-04   2.92144250E-05   2.87839881E-04   2.13013054E-03   8.60932050E-04   4.31027729E-05
   96.0000000       0.00000000      0.360000014       10.5419998       20.5566654       7.69999981      0.853689432       6.37269306       6.41239574E-03   5.41902147E-03  0.845085323       5.87816350E-03   3.42443935E-03   9.35147610E-03   5.34232589E-04   9.35147610E-03   7.13121798E-03   1.99458259E-03   7.13126501E-03  0.916687548      0.631929457     k_32_57_12                                                                         1.60237265E-04   1.21373287E-03   4.13039816E-04   2.15698383E-05   1.93911415E-04   1.33793068E-03   5.97249949E-04   3.21228290E-05
   96.0000000       0.00000000      0.389999986       10.5419998       20.7614594       7.69999981      0.834354579       6.59766817       4.09561070E-03   3.52544291E-03  0.860785663       3.37184267E-03   1.62570400E-03   5.78153273E-03   7.23768084E-04   5.78153273E-03   4.33828356E-03   1.89973891E-03   4.33830591E-03  0.823282003      0.461134672     k_32_57_13                                                                         1.12150534E-04   8.16985499E-04   3.05538415E-04   1.69461709E-05   1.37728697E-04   8.79957515E-04   4.31011402E-04   2.46954150E-05
   96.0000000       0.00000000      0.419999987       10.5419998       20.9923153       7.69999981      0.814210773       6.84324551       2.70012231E-03   2.36677448E-03  0.876543462       1.88816816E-03   7.04796053E-04   3.64420610E-03   8.11953796E-04   3.64420563E-03   2.71916948E-03   1.66197889E-03   2.71917623E-03  0.699289858      0.297787577     k_32_57_14                                                                         8.24030722E-05   5.65993949E-04   2.38286739E-04   1.39359036E-05   1.02232720E-04   6.00756961E-04   3.21046537E-04   1.94504100E-05
   96.0000000       0.00000000      0.449999988       10.5419998       21.2530346       7.69999981      0.793326259       7.11083937       1.82156754E-03   1.65877875E-03  0.910632610       1.02107634E-03   2.81568558E-04   2.33210553E-03   8.00491194E-04   2.33210553E-03   1.79955910E-03   1.37721025E-03   1.79956690E-03  0.560548186      0.169744492     k_32_57_15                                                                         6.31302246E-05   4.16172785E-04   1.88425984E-04   1.16418378E-05   7.86445962E-05   4.22269892E-04   2.44981289E-04   1.55886228E-05
   96.0000000       0.00000000      0.479999989       10.5419998       21.5482540       7.69999981      0.771772265       7.40199947       1.24741404E-03   1.16098148E-03  0.930710614       5.23719122E-04   6.64519830E-05   1.50927366E-03   7.23694800E-04   1.50927366E-03   1.19420630E-03   1.09452975E-03   1.19420898E-03  0.419843853       5.72377630E-02 k_32_57_16                                                                         4.83972835E-05   3.06895585E-04   1.50153530E-04   9.76915180E-06   6.22155057E-05   3.03313311E-04   1.90176346E-04   1.26320811E-05
   96.0000000       0.00000000      0.509999990       10.5419998       21.8838177       7.69999981      0.749616385       7.71853447       8.61314940E-04   8.06101249E-04  0.935896039       2.45870207E-04  -3.29805443E-05   9.84249986E-04   6.15444791E-04   9.84250102E-04   7.89608923E-04   8.39081942E-04   7.89613172E-04  0.285459131      -4.09136489E-02 k_32_57_17                                                                         3.75388554E-05   2.25687021E-04   1.19490374E-04   8.11587233E-06   5.02927323E-05   2.21303024E-04   1.49341635E-04   1.02959239E-05
   96.0000000       0.00000000      0.540000021       10.5419998       22.2671642       7.69999981      0.726921439       8.06256485       5.96342026E-04   5.54085011E-04  0.929139614       9.66080916E-05  -6.96664356E-05   6.44646003E-04   4.99733898E-04   6.44646003E-04   5.19251800E-04   6.23751315E-04   5.19251742E-04  0.162001148     -0.125732392     k_32_57_18                                                                         2.95146019E-05   1.65422462E-04   9.45733918E-05   6.70683221E-06   4.13295820E-05   1.63245597E-04   1.18108132E-04   8.40611028E-06
   96.0000000       0.00000000      0.569999993       10.5419998       22.7077904       7.69999981      0.703752458       8.43644905       4.12068155E-04   3.77856835E-04  0.916976571       2.11966490E-05  -7.64393699E-05   4.22666490E-04   3.90871457E-04   4.22666461E-04   3.39636259E-04   4.54296212E-04   3.39638093E-04   5.14396690E-02 -0.202297181     k_32_57_19                                                                         2.35863827E-05   1.21248580E-04   7.46913938E-05   5.50355981E-06   3.43830543E-05   1.21296107E-04   9.37382356E-05   6.85242048E-06
   96.0000000       0.00000000      0.600000024       10.5419998       23.2181854       7.69999981      0.680167675       8.84297466       2.83305912E-04   2.54284067E-04  0.897560060      -1.30795843E-05  -6.84484548E-05   2.76766106E-04   2.96385435E-04   2.76766106E-04   2.20059970E-04   3.22732551E-04   2.20059737E-04  -4.61677052E-02 -0.269181073     k_32_57_20                                                                         1.91021845E-05   8.85998597E-05   5.85043163E-05   4.42145392E-06   2.88889787E-05   9.06176429E-05   7.45313300E-05   5.56851955E-06
   96.0000000       0.00000000      0.629999995       10.5419998       23.8150024       7.69999981      0.656224132       9.28533649       1.93009051E-04   1.69145089E-04  0.876358330      -2.53384496E-05  -5.60212029E-05   1.80339834E-04   2.18347486E-04   1.80339848E-04   1.41134413E-04   2.25166295E-04   1.41134587E-04 -0.131281152     -0.331202060     k_32_57_21                                                                         1.57235409E-05   6.46849949E-05   4.56512280E-05   3.53489304E-06   2.44380135E-05   6.78922734E-05   5.92159304E-05   4.50017251E-06
   96.0000000       0.00000000      0.660000026       10.5419998       24.5209446       7.69999981      0.631977856       9.76721001       1.30008208E-04   1.11151567E-04  0.854958057      -2.66245625E-05  -4.29871288E-05   1.16695934E-04   1.56632770E-04   1.16695934E-04   8.96577476E-05   1.54138703E-04   8.96582787E-05 -0.204791397     -0.386743337     k_32_57_22                                                                         1.31474781E-05   4.72762404E-05   3.55229531E-05   2.77655454E-06   2.07949724E-05   5.09945057E-05   4.69955921E-05   3.61563434E-06
   96.0000000       0.00000000      0.689999998       10.5419998       25.3680801       7.69999981      0.607478201       10.2929401       8.62434099E-05   7.18839656E-05  0.833500981      -2.31195845E-05  -3.15932193E-05   7.46836231E-05   1.09362998E-04   7.46836231E-05   5.60874869E-05   1.03477178E-04   5.60872031E-05 -0.268073648     -0.439503014     k_32_57_23                                                                         1.11188874E-05   3.45127337E-05   2.75244111E-05   2.19410504E-06   1.77633065E-05   3.83415099E-05   3.71973147E-05   2.88362025E-06
   96.0000000       0.00000000      0.720000029       10.5419998       26.4030609       7.69999981      0.582773864       10.8675728       5.61688612E-05   4.56701855E-05  0.813087285      -1.80860225E-05  -2.23333882E-05   4.71258536E-05   7.42548946E-05   4.71258572E-05   3.45034059E-05   6.80035737E-05   3.45035878E-05 -0.321993768     -0.489014626     k_32_57_24                                                                         9.50415961E-06   2.52292575E-05   2.12557788E-05   1.70098974E-06   1.52256625E-05   2.88596511E-05   2.93622852E-05   2.28277895E-06
   96.0000000       0.00000000      0.750000000       10.5419998       27.6969357       7.69999981      0.557909667       11.4970465       3.57324716E-05   2.84132857E-05  0.795167089      -1.31340266E-05  -1.50871329E-05   2.91654560E-05   4.88664955E-05   2.91654560E-05   2.08696783E-05   4.35004222E-05   2.08697656E-05 -0.367565572     -0.530988693     k_32_57_25                                                                         8.18915760E-06   1.84802502E-05   1.63787172E-05   1.31242814E-06   1.30793705E-05   2.17299166E-05   2.30943679E-05   1.79204653E-06
   96.0000000       0.00000000      0.779999971       10.5419998       29.3642368       7.69999981      0.532926023       12.1884432       2.20844904E-05   1.72321561E-05  0.780283153      -8.94484128E-06  -9.80324967E-06   1.76120684E-05   3.10293326E-05   1.76120684E-05   1.23305044E-05   2.70354067E-05   1.23305599E-05 -0.405028194     -0.568892837     k_32_57_26                                                                         7.12870496E-06   1.35842238E-05   1.26212917E-05   1.00555917E-06   1.12655907E-05   1.63809927E-05   1.81120831E-05   1.39587883E-06
   96.0000000       0.00000000      0.810000002       10.5419998       31.6034870       7.69999981      0.507862389       12.9501410       1.31176803E-05   1.01008691E-05  0.770019472      -5.71137616E-06  -6.08283108E-06   1.02619924E-05   1.88290596E-05   1.02619924E-05   7.05946195E-06   1.61837015E-05   7.05944467E-06 -0.435395300     -0.602208674     k_32_57_27                                                                         6.23343385E-06   1.00356810E-05   9.72320777E-06   7.68062364E-07   9.71330064E-06   1.23471345E-05   1.41430437E-05   1.07708729E-06
   96.0000000       0.00000000      0.839999974       10.5419998       34.7969170       7.69999981      0.482753664       13.7922411       7.38208610E-06   5.61151273E-06  0.760152698      -3.38360087E-06  -3.51886683E-06   5.69028634E-06   1.07656879E-05   5.69028634E-06   3.85208477E-06   9.13038002E-06   3.85207431E-06 -0.458352953     -0.627079904     k_32_57_28                                                                         5.45761532E-06   7.42449947E-06   7.46029309E-06   5.80400865E-07   8.39634413E-06   9.32177409E-06   1.10137362E-05   8.24443305E-07
   96.0000000       0.00000000      0.870000005       10.5419998       39.8047981       7.69999981      0.457632303       14.7269650       3.81590598E-06   2.88103411E-06  0.755006552      -1.80950417E-06  -1.85615613E-06   2.91115362E-06   5.62540936E-06   2.91115362E-06   1.95296616E-06   4.73719001E-06   1.95294569E-06 -0.474200398     -0.644267321     k_32_57_29                                                                         4.80044491E-06   5.52873325E-06   5.73239458E-06   4.37266408E-07   7.27367706E-06   7.04725608E-06   8.55024700E-06   6.25577059E-07
   96.0000000       0.00000000      0.899999976       10.5419998       49.1605721       7.69999981      0.432528704       15.7692099       1.68292445E-06   1.26967018E-06  0.754442751      -8.12047119E-07  -8.29539431E-07   1.27690078E-06   2.49497134E-06   1.27690078E-06   8.54903078E-07   2.09920972E-06   8.54898019E-07 -0.482521445     -0.653350353     k_32_57_30                                                                         4.23693018E-06   4.13958060E-06   4.40501753E-06   3.27678435E-07   6.31150624E-06   5.33212915E-06   6.61327522E-06   4.70092800E-07
   96.0000000       0.00000000      0.930000007       10.5419998       76.9315491       7.69999981      0.407469869       16.9373856       4.80750089E-07   3.65130006E-07  0.759500682      -2.31969835E-07  -2.37219311E-07   3.64765214E-07   7.12720009E-07   3.64765185E-07   2.46521097E-07   6.02349360E-07   2.46519704E-07 -0.482516468     -0.649684489     k_32_57_31                                                                         3.75859713E-06   3.11847180E-06   3.39161124E-06   2.44611215E-07   5.49461629E-06   4.04377352E-06   5.10374048E-06   3.50182404E-07
