 #! thr0[f,0]/ phr0[f,1]/ pr[f,2]/ ei[f,3]/ th_e[f,4]/ q2[f,5]/ x[f,6]/ plab[f,7]/ crs0[f,8]/ crs12[f,9]/  ratio[f,10]/ crs_ten0[f,11]/ crs_ten12[f,12]/  crs_pol0_-1[f,13]/ crs_pol0_0[f,14]/ crs_pol0_1[f,15]/ crs_pol12_-1[f,16]/ crs_pol12_0[f,17]/ crs_pol12_1[f,18]/ asym0[f,19]/ asym12[f,20]/ ID[s,21]/ w_l[f,22]/ w_t[f,23]/ w_lt[f,24]/ w_tt[f,25]/ w_l_pwia[f,26]/ w_t_pwia[f,27]/ w_lt_pwia[f,28]/ w_tt_pwia[f,29]/ 
   99.0000000       0.00000000       0.00000000       10.5419998       17.9683895       7.00000000      0.998759985       4.57703209       250.743790       245.221024      0.977974474      -1.88955921E-03 -0.901701331       250.742859       250.745682       250.742859       244.770187       246.122696       244.770187      -7.53581662E-06  -3.67709645E-03 k_33_50_0                                                                          3.73799276       38.8297424      -1.29936394E-04   1.14440918E-05   3.82372999       39.7032204       2.16840434E-19   0.00000000    
   99.0000000       0.00000000       2.99999993E-02   10.5419998       18.0029945       7.00000000      0.991873860       4.62993050       121.433937       117.763046      0.969770491       1.73331678       1.09272194       122.300591       119.700623       122.300583       118.309410       116.670349       118.309410       1.42737431E-02   9.27898847E-03 k_33_50_1                                                                          1.78006005       18.3088341      0.627845645       3.30162048E-03   1.83781540       18.8875904      0.638444483       3.35693359E-03
   99.0000000       0.00000000       5.99999987E-02   10.5419998       18.0459461       7.00000000      0.983511686       4.69513178       31.5153236       29.7819881      0.945000231       1.79330468       1.44599164       32.4119759       29.7220211       32.4119759       30.5049858       28.3359966       30.5049858       5.69026247E-02   4.85525541E-02 k_33_50_2                                                                         0.449740052       4.55885029      0.318474442       3.35431099E-03  0.477111399       4.83233786      0.328516722       3.43561172E-03
   99.0000000       0.00000000       9.00000036E-02   10.5419998       18.0977421       7.00000000      0.973689914       4.77309799       8.81849766       7.98563576      0.905555129       1.12120128      0.926760614       9.37909698       7.69729710       9.37909985       8.44901466       7.05887556       8.44901752      0.127141982      0.116053455     k_33_50_3                                                                         0.121284008       1.20635605      0.129677609       2.04533339E-03  0.134625867       1.33787799      0.137330785       2.14040279E-03
   99.0000000       0.00000000      0.119999997       10.5419998       18.1588440       7.00000000      0.962457240       4.86415482       2.91043568       2.49576998      0.857524514      0.649579883      0.533184111       3.23522496       2.26085591       3.23522496       2.76236153       1.96258581       2.76236248      0.223189905      0.213635117     k_33_50_4                                                                          3.84428725E-02  0.372883379       5.50556108E-02   1.15302205E-03   4.51778509E-02  0.438497901       6.04716614E-02   1.24754012E-03
   99.0000000       0.00000000      0.150000006       10.5419998       18.2298965       7.00000000      0.949853063       4.96881866       1.09957027      0.890186906      0.809577107      0.375436634      0.303349167       1.28728855      0.724133611       1.28728831       1.04186141      0.586837888       1.04186177      0.341439426      0.340770185     k_33_50_5                                                                          1.40732601E-02  0.131921142       2.50242688E-02   6.52931631E-04   1.75047759E-02  0.165141150       2.87125781E-02   7.34180212E-04
   99.0000000       0.00000000      0.180000007       10.5419998       18.3115845       7.00000000      0.935938120       5.08754921      0.460671365      0.353271037      0.766861320      0.219096974      0.173860282      0.570219874      0.241574451      0.570219934      0.440200984      0.179410741      0.440201342      0.475603640      0.492144167     k_33_50_6                                                                          5.78117976E-03   5.22218868E-02   1.20594678E-02   3.71629372E-04   7.58896815E-03   6.92326799E-02   1.45831229E-02   4.43227589E-04
   99.0000000       0.00000000      0.209999993       10.5419998       18.4047756       7.00000000      0.920767844       5.22097158      0.209576041      0.155918673      0.743971825      0.129014403      0.100454479      0.274083227       8.05616081E-02  0.274083227      0.206145748       5.54641709E-02  0.206146032      0.615597129      0.644274831     k_33_50_7                                                                          2.69897329E-03   2.31756829E-02   6.20136922E-03   2.19280832E-04   3.60635528E-03   3.16420048E-02   7.85768405E-03   2.75669619E-04
   99.0000000       0.00000000      0.239999995       10.5419998       18.5104809       7.00000000      0.904407918       5.36974669      0.102270432       7.42015764E-02  0.725542784       7.63967931E-02   5.79255745E-02  0.140468821       2.58736443E-02  0.140468821      0.103164315       1.62760075E-02  0.103164397      0.747007608      0.780651510     k_33_50_8                                                                          1.36335450E-03   1.11914538E-02   3.34577123E-03   1.33303460E-04   1.85649027E-03   1.55756753E-02   4.47093043E-03   1.77157577E-04
   99.0000000       0.00000000      0.270000011       10.5419998       18.6298828       7.00000000      0.886928737       5.53462267       5.31693436E-02   3.99467610E-02  0.751311898       4.53139171E-02   3.37959193E-02   7.58263022E-02   7.85542559E-03   7.58263096E-02   5.68446852E-02   6.15083566E-03   5.68447523E-02  0.852256477      0.846024036     k_33_50_9                                                                          7.93237588E-04   6.19988795E-03   1.96826179E-03   8.49517528E-05   1.02876674E-03   8.20307899E-03   2.68144091E-03   1.17980875E-04
   99.0000000       0.00000000      0.300000012       10.5419998       18.7644157       7.00000000      0.868401110       5.71647596       2.93227769E-02   2.32261159E-02  0.792084455       2.68173479E-02   1.97565965E-02   4.27314565E-02   2.50542979E-03   4.27314565E-02   3.31043601E-02   3.46952188E-03   3.31044644E-02  0.914556921      0.850619912     k_33_50_10                                                                         5.00808528E-04   3.74089857E-03   1.23683468E-03   5.72924037E-05   6.11357740E-04   4.60337196E-03   1.69372337E-03   8.16201791E-05
   99.0000000       0.00000000      0.330000013       10.5419998       18.9157944       7.00000000      0.848898351       5.91630173       1.70773733E-02   1.41117154E-02  0.826339900       1.57674924E-02   1.11842006E-02   2.49611195E-02   1.30988087E-03   2.49611195E-02   1.97037905E-02   2.92751496E-03   1.97038408E-02  0.923297286      0.792547226     k_33_50_11                                                                         3.17571423E-04   2.38031382E-03   8.09029618E-04   4.09981003E-05   3.88052751E-04   2.74092145E-03   1.12452009E-03   5.86766982E-05
   99.0000000       0.00000000      0.360000014       10.5419998       19.0860786       7.00000000      0.828494847       6.13523579       1.04395859E-02   8.45063943E-03  0.809480309       9.16777365E-03   5.58503484E-03   1.50234737E-02   1.27181225E-03   1.50234737E-02   1.12431254E-02   2.86560552E-03   1.12431906E-02  0.878174067      0.660900831     k_33_50_12                                                                         2.03788804E-04   1.47546176E-03   5.48482873E-04   2.95701320E-05   2.61635490E-04   1.72167225E-03   7.81579758E-04   4.37297276E-05
   99.0000000       0.00000000      0.389999986       10.5419998       19.2777405       7.00000000      0.807268202       6.37454510       6.64601382E-03   5.51899523E-03  0.830421865       5.24177030E-03   2.79909605E-03   9.26689804E-03   1.40424224E-03   9.26689804E-03   6.91851694E-03   2.71989941E-03   6.91857003E-03  0.788708925      0.507174909     k_33_50_13                                                                         1.46695515E-04   9.97547060E-04   4.09715751E-04   2.36708438E-05   1.85991594E-04   1.13232224E-03   5.65096329E-04   3.36141675E-05
   99.0000000       0.00000000      0.419999987       10.5419998       19.4938469       7.00000000      0.785290599       6.63573456       4.36751824E-03   3.75504792E-03  0.859766960       2.92584463E-03   1.38767378E-03   5.83044114E-03   1.44167349E-03   5.83044114E-03   4.44887904E-03   2.36737425E-03   4.44889069E-03  0.669910133      0.369548887     k_33_50_14                                                                         1.08288972E-04   7.09144573E-04   3.17245256E-04   1.93617307E-05   1.38249947E-04   7.73282547E-04   4.21882520E-04   2.64782575E-05
   99.0000000       0.00000000      0.449999988       10.5419998       19.7381344       7.00000000      0.762636721       6.92048740       2.93597323E-03   2.60537374E-03  0.887396991       1.57661061E-03   6.26690395E-04   3.72427911E-03   1.35936285E-03   3.72427888E-03   2.91870884E-03   1.97868305E-03   2.91872909E-03  0.536997616      0.240537614     k_33_50_15                                                                         8.24438685E-05   5.19109075E-04   2.48667027E-04   1.60167692E-05   1.06526633E-04   5.43677132E-04   3.22670414E-04   2.12212035E-05
   99.0000000       0.00000000      0.479999989       10.5419998       20.0152817       7.00000000      0.739377677       7.23076296       2.00283341E-03   1.80770596E-03  0.902574301       8.05549091E-04   2.29549070E-04   2.40560784E-03   1.19728409E-03   2.40560784E-03   1.92247750E-03   1.57815649E-03   1.92248344E-03  0.402204752      0.126983628     k_33_50_16                                                                         6.33182281E-05   3.81605816E-04   1.96815847E-04   1.33480207E-05   8.44520619E-05   3.90660978E-04   2.51109246E-04   1.71964348E-05
   99.0000000       0.00000000      0.509999990       10.5419998       20.3311806       7.00000000      0.715582728       7.56880617       1.37710420E-03   1.24608423E-03  0.904858351       3.76591139E-04   3.30440598E-05   1.56539970E-03   1.00051297E-03   1.56539970E-03   1.26260275E-03   1.21304032E-03   1.26261008E-03  0.273465961       2.65183188E-02 k_33_50_17                                                                         4.93859588E-05   2.80217879E-04   1.55934351E-04   1.10636465E-05   6.84535626E-05   2.85177317E-04   1.97723275E-04   1.40160701E-05
   99.0000000       0.00000000      0.540000021       10.5419998       20.6933479       7.00000000      0.691318929       7.93721533       9.49012814E-04   8.52309866E-04  0.898101509       1.47282015E-04  -5.37981832E-05   1.02265389E-03   8.01730785E-04   1.02265389E-03   8.25408439E-04   9.06108005E-04   8.25412979E-04  0.155194968      -6.31204545E-02 k_33_50_18                                                                         3.91735448E-05   2.05658871E-04   1.23372913E-04   9.08324000E-06   5.64451657E-05   2.10503218E-04   1.56827999E-04   1.14434661E-05
   99.0000000       0.00000000      0.569999993       10.5419998       21.1115417       7.00000000      0.666651070       8.33898354       6.52520219E-04   5.77430357E-04  0.884923339       3.21104053E-05  -8.20273344E-05   6.68575463E-04   6.20409788E-04   6.68575463E-04   5.36414213E-04   6.59457699E-04   5.36419102E-04   4.92098257E-02 -0.142055809     k_33_50_19                                                                         3.15912985E-05   1.50810956E-04   9.73322312E-05   7.38172821E-06   4.71684216E-05   1.56592112E-04   1.24900645E-04   9.33111005E-06
   99.0000000       0.00000000      0.600000024       10.5419998       21.5987186       7.00000000      0.641638279       8.77763557       4.45818237E-04   3.87346401E-04  0.868843794      -1.97176541E-05  -8.32962760E-05   4.35959402E-04   4.65535850E-04   4.35959402E-04   3.45697626E-04   4.70642612E-04   3.45698878E-04  -4.42280099E-02 -0.215043366     k_33_50_20                                                                         2.59035878E-05   1.10656911E-04   7.65865261E-05   5.94853191E-06   3.98207267E-05   1.17084528E-04   9.96241070E-05   7.58056558E-06
   99.0000000       0.00000000      0.629999995       10.5419998       22.1724014       7.00000000      0.616337657       9.25727272       3.01560794E-04   2.56143016E-04  0.849390984      -3.79117228E-05  -7.18387746E-05   2.82604946E-04   3.39472492E-04   2.82604946E-04   2.20223708E-04   3.27981747E-04   2.20223548E-04 -0.125718340     -0.280463517     k_33_50_21                                                                         2.15672953E-05   8.10028359E-05   5.99598134E-05   4.74882108E-06   3.38815516E-05   8.78281280E-05   7.94351436E-05   6.12483927E-06
   99.0000000       0.00000000      0.660000026       10.5419998       22.8569241       7.00000000      0.590803266       9.78270340       2.01498799E-04   1.67524195E-04  0.831390560      -3.95366296E-05  -5.68868527E-05   1.81730458E-04   2.41035421E-04   1.81730458E-04   1.39080832E-04   2.24411022E-04   1.39080716E-04 -0.196212739     -0.339573950     k_33_50_22                                                                         1.83008033E-05   5.94743397E-05   4.69970728E-05   3.76094977E-06   2.90397747E-05   6.60964070E-05   6.33133386E-05   4.92166146E-06
   99.0000000       0.00000000      0.689999998       10.5419998       23.6872482       7.00000000      0.565085113       10.3596172       1.32365662E-04   1.07626605E-04  0.813100636      -3.39929138E-05  -4.26799961E-05   1.15369206E-04   1.66358572E-04   1.15369199E-04   8.62866946E-05   1.50306601E-04   8.62865199E-05 -0.256810665     -0.396556199     k_33_50_23                                                                         1.56869628E-05   4.36732153E-05   3.66739914E-05   2.93332414E-06   2.50135017E-05   4.98113222E-05   5.03464471E-05   3.92553011E-06
   99.0000000       0.00000000      0.720000029       10.5419998       24.7155952       7.00000000      0.539229691       10.9947834       8.51613004E-05   6.78020951E-05  0.796160877      -2.62693393E-05  -3.03020352E-05   7.20266398E-05   1.11430636E-04   7.20266253E-05   5.26510048E-05   9.81041376E-05   5.26511612E-05 -0.308465689     -0.446918875     k_33_50_24                                                                         1.36067474E-05   3.21031694E-05   2.85841961E-05   2.29200850E-06   2.16451699E-05   3.75961172E-05   3.99427809E-05   3.10758696E-06
   99.0000000       0.00000000      0.750000000       10.5419998       26.0239677       7.00000000      0.513280094       11.6962938       5.33340026E-05   4.17442607E-05  0.782695055      -1.87776805E-05  -2.04878143E-05   4.39451651E-05   7.21116885E-05   4.39451615E-05   3.15004218E-05   6.22320804E-05   3.15002908E-05 -0.352077097     -0.490793556     k_33_50_25                                                                         1.19190618E-05   2.36981450E-05   2.22698491E-05   1.78020309E-06   1.87964069E-05   2.84006383E-05   3.15896687E-05   2.43932300E-06
   99.0000000       0.00000000      0.779999971       10.5419998       27.7498550       7.00000000      0.487276107       12.4739141       3.22911728E-05   2.49399636E-05  0.772346199      -1.25293473E-05  -1.31999423E-05   2.60265024E-05   4.48205246E-05   2.60265024E-05   1.83400061E-05   3.81399113E-05   1.83399861E-05 -0.388011515     -0.529268682     k_33_50_26                                                                         1.05412628E-05   1.75827918E-05   1.73650278E-05   1.37217830E-06   1.63945424E-05   2.14988941E-05   2.49318055E-05   1.90024275E-06
   99.0000000       0.00000000      0.810000002       10.5419998       30.1452522       7.00000000      0.461254120       13.3395224       1.86304314E-05   1.42683748E-05  0.765863895      -7.77080186E-06  -7.99695954E-06   1.47450337E-05   2.64012342E-05   1.47450291E-05   1.02698759E-05   2.22653362E-05   1.02699169E-05 -0.417102635     -0.560467422     k_33_50_27                                                                         9.38009362E-06   1.31093748E-05   1.35393720E-05   1.05076879E-06   1.43377729E-05   1.62840915E-05   1.96044111E-05   1.46626417E-06
   99.0000000       0.00000000      0.839999974       10.5419998       33.7356949       7.00000000      0.435247481       14.3077078       1.00282241E-05   7.66056837E-06  0.763900816      -4.40334998E-06  -4.47046796E-06   7.82654843E-06   1.44315736E-05   7.82654934E-06   5.42536191E-06   1.21310350E-05   5.42530597E-06 -0.439095676     -0.583568692     k_33_50_28                                                                         8.40787379E-06   9.84981307E-06   1.05828258E-05   8.03562216E-07   1.25958722E-05   1.23660066E-05   1.53868077E-05   1.12233420E-06
   99.0000000       0.00000000      0.870000005       10.5419998       39.8698769       7.00000000      0.409285873       15.3965998       4.79258506E-06   3.66538893E-06  0.764804125      -2.17716411E-06  -2.17929460E-06   3.70400244E-06   6.96974803E-06   3.70400198E-06   2.57571287E-06   5.84468307E-06   2.57577085E-06 -0.454277605     -0.594560266     k_33_50_29                                                                         7.58378519E-06   7.43756300E-06   8.27725853E-06   6.10597453E-07   1.11146028E-05   9.41375311E-06   1.20516161E-05   8.51614459E-07
   99.0000000       0.00000000      0.899999976       10.5419998       53.7420731       7.00000000      0.383397609       16.6289196       1.75760454E-06   1.35692346E-06  0.772029996      -8.12450821E-07  -8.10043730E-07   1.35137918E-06   2.57005581E-06   1.35137930E-06   9.51901256E-07   2.16696708E-06   9.51902166E-07 -0.462248921     -0.596970856     k_33_50_30                                                                         6.87819056E-06   5.66610697E-06   6.48227433E-06   4.61062427E-07   9.84930648E-06   7.18127103E-06   9.41611415E-06   6.39946848E-07
