 #! thr0[f,0]/ phr0[f,1]/ pr[f,2]/ ei[f,3]/ th_e[f,4]/ q2[f,5]/ x[f,6]/ plab[f,7]/ crs0[f,8]/ crs12[f,9]/  ratio[f,10]/ crs_ten0[f,11]/ crs_ten12[f,12]/  crs_pol0_-1[f,13]/ crs_pol0_0[f,14]/ crs_pol0_1[f,15]/ crs_pol12_-1[f,16]/ crs_pol12_0[f,17]/ crs_pol12_1[f,18]/ asym0[f,19]/ asym12[f,20]/ ID[s,21]/ w_l[f,22]/ w_t[f,23]/ w_lt[f,24]/ w_tt[f,25]/ w_l_pwia[f,26]/ w_t_pwia[f,27]/ w_lt_pwia[f,28]/ w_tt_pwia[f,29]/ 
   99.0000000       0.00000000       0.00000000       10.5419998       16.5871162       6.30000019      0.998732388       4.19517422       438.331329       428.885803      0.978451192      -3.26294731E-03  -1.58753598       438.329712       438.334564       438.329712       428.092102       430.473419       428.092102      -7.44402041E-06  -3.70153529E-03 k_33_43_0                                                                          5.10872984       51.1631966       1.17187323E-04  -1.14440918E-05   5.22348118       52.2886734       4.33680869E-19   0.00000000    
   99.0000000       0.00000000       2.99999993E-02   10.5419998       16.6148186       6.30000019      0.991723120       4.24382734       212.829407       206.428055      0.969922602       3.03787494       1.91166687       214.348328       209.791489       214.348328       207.383896       204.516418       207.383896       1.42737553E-02   9.26069357E-03 k_33_43_1                                                                          2.43170094       24.1155319      0.832370937       4.69303131E-03   2.51007342       24.8744354      0.846407771       4.76264954E-03
   99.0000000       0.00000000       5.99999987E-02   10.5419998       16.6493797       6.30000019      0.983163059       4.30414915       55.3776665       52.2713737      0.943907142       3.15114188       2.53790498       56.9532356       52.2265244       56.9532356       53.5403328       49.7334747       53.5403328       5.69027551E-02   4.85524833E-02 k_33_43_2                                                                         0.612900853       5.99640846      0.421838045       4.77385521E-03  0.651383579       6.36403942      0.435487300       4.88114357E-03
   99.0000000       0.00000000       9.00000036E-02   10.5419998       16.6910839       6.30000019      0.973097563       4.37638712       15.5364790       14.0664186      0.905380070       1.97533762       1.63435400       16.5241508       13.5611420       16.5241508       14.8835974       12.4320660       14.8835955      0.127141908      0.116188355     k_33_43_3                                                                         0.165327013       1.58812559      0.171833292       2.89642811E-03  0.183700323       1.76193595      0.182030082       3.04037333E-03
   99.0000000       0.00000000      0.119999997       10.5419998       16.7402782       6.30000019      0.961579442       4.46083975       5.14151669       4.40595293      0.856936455       1.14753449      0.941059053       5.71528292       3.99398184       5.71528292       4.87648201       3.46489382       4.87648296      0.223189875      0.213588089     k_33_43_4                                                                          5.24181575E-02  0.490438700       7.29354545E-02   1.63638592E-03   6.16030432E-02  0.577481270       8.01456571E-02   1.77183747E-03
   99.0000000       0.00000000      0.150000006       10.5419998       16.7974243       6.30000019      0.948659003       4.55793047       1.94794095       1.58084095      0.811544597      0.665103853      0.538992703       2.28049278       1.28283703       2.28049278       1.85033703       1.04184842       1.85033774      0.341439426      0.340953141     k_33_43_5                                                                          1.91900134E-02  0.174085796       3.31845433E-02   9.26248729E-04   2.38483325E-02  0.217480734       3.80495302E-02   1.04281306E-03
   99.0000000       0.00000000      0.180000007       10.5419998       16.8631020       6.30000019      0.934387028       4.66819763      0.818477690      0.630743802      0.770630419      0.389270902      0.309927762       1.01311314      0.429206818       1.01311314      0.785707474      0.320815951      0.785707712      0.475603551      0.491368711     k_33_43_6                                                                          7.90193584E-03   6.90670386E-02   1.60290152E-02   5.30958176E-04   1.03281904E-02   9.11743566E-02   1.93229970E-02   6.29551709E-04
   99.0000000       0.00000000      0.209999993       10.5419998       16.9379101       6.30000019      0.918837667       4.79211140      0.373495758      0.280690134      0.751521587      0.229922935      0.180281490      0.488457233      0.143572807      0.488457233      0.370830685      0.100408599      0.370831043      0.615597188      0.642279387     k_33_43_7                                                                          3.70936142E-03   3.08414157E-02   8.25477578E-03   3.13151628E-04   4.90200892E-03   4.16699350E-02   1.04103424E-02   3.91563401E-04
   99.0000000       0.00000000      0.239999995       10.5419998       17.0226345       6.30000019      0.902074218       4.93034697      0.182847962      0.135781601      0.742592931      0.136588827      0.104979262      0.251142353       4.62591425E-02  0.251142353      0.188271150       3.08023486E-02  0.188271359      0.747007668      0.773147941     k_33_43_8                                                                          1.90148363E-03   1.51207764E-02   4.48927237E-03   1.89456157E-04   2.51987064E-03   2.05117948E-02   5.92262018E-03   2.51629390E-04
   99.0000000       0.00000000      0.270000011       10.5419998       17.1181374       6.30000019      0.884177208       5.08355808       9.53857601E-02   7.26802126E-02  0.761960804       8.12931359E-02   6.13704622E-02  0.136032328       1.40926270E-02  0.136032313      0.103365444       1.13097467E-02  0.103365444      0.852256536      0.844390213     k_33_43_9                                                                          1.08861097E-03   8.30575544E-03   2.62242579E-03   1.21880323E-04   1.39412866E-03   1.08027346E-02   3.55165941E-03   1.67580787E-04
   99.0000000       0.00000000      0.300000012       10.5419998       17.2254944       6.30000019      0.865220845       5.25257397       5.27969599E-02   4.17355560E-02  0.790491641       4.82858270E-02   3.55544426E-02   7.69398585E-02   4.51113656E-03   7.69398585E-02   5.95127121E-02   6.18111761E-03   5.95128499E-02  0.914556980      0.851898134     k_33_43_10                                                                         6.77513250E-04   4.91951127E-03   1.63923879E-03   8.15417152E-05   8.26994888E-04   6.06229249E-03   2.24313582E-03   1.15933130E-04
   99.0000000       0.00000000      0.330000013       10.5419998       17.3459530       6.30000019      0.845286012       5.43829584       3.08690947E-02   2.52318773E-02  0.817383111       2.85013542E-02   2.02207845E-02   4.51197736E-02   2.36774329E-03   4.51197736E-02   3.53421904E-02   5.01109054E-03   3.53423469E-02  0.923297405      0.801398337     k_33_43_11                                                                         4.36787319E-04   3.07843112E-03   1.08801783E-03   5.79538755E-05   5.23901836E-04   3.60965729E-03   1.48913893E-03   8.33444064E-05
   99.0000000       0.00000000      0.360000014       10.5419998       17.4810028       6.30000019      0.824454308       5.64176226       1.89506523E-02   1.58189535E-02  0.834744513       1.66419707E-02   1.08444830E-02   2.72716321E-02   2.30868068E-03   2.72716321E-02   2.12410912E-02   4.97447094E-03   2.12412961E-02  0.878174007      0.685537338     k_33_43_12                                                                         2.85334856E-04   2.01612781E-03   7.44178717E-04   4.30673826E-05   3.52491479E-04   2.26743030E-03   1.03490916E-03   6.21133950E-05
   99.0000000       0.00000000      0.389999986       10.5419998       17.6324654       6.30000019      0.802804112       5.86418533       1.21199302E-02   1.03034331E-02  0.850123107       9.55909770E-03   5.52961929E-03   1.68994796E-02   2.56083114E-03   1.68994796E-02   1.30681954E-02   4.77381516E-03   1.30682914E-02  0.788708985      0.536677361     k_33_43_13                                                                         2.00666400E-04   1.36109511E-03   5.45758405E-04   3.37545644E-05   2.50029407E-04   1.49134058E-03   7.48209190E-04   4.77451249E-05
   99.0000000       0.00000000      0.419999987       10.5419998       17.8025017       6.30000019      0.780417323       6.10691547       8.00499972E-03   6.90894574E-03  0.863078833       5.36263082E-03   2.66133738E-03   1.06863156E-02   2.64236936E-03   1.06863156E-02   8.23958311E-03   4.24760766E-03   8.23964551E-03  0.669910192      0.385201663     k_33_43_14                                                                         1.45950646E-04   9.43406485E-04   4.20866883E-04   2.74740451E-05   1.85429002E-04   1.01853581E-03   5.58564090E-04   3.76094249E-05
   99.0000000       0.00000000      0.449999988       10.5419998       17.9937801       6.30000019      0.757371306       6.37152815       5.41111873E-03   4.78960946E-03  0.885142207       2.90575763E-03   1.17915799E-03   6.86399778E-03   2.50536110E-03   6.86399778E-03   5.37918229E-03   3.61045147E-03   5.37919393E-03  0.536997557      0.246190846     k_33_43_15                                                                         1.10927424E-04   6.85035717E-04   3.29482427E-04   2.27701676E-05   1.42551871E-04   7.16175477E-04   4.27202001E-04   3.01423715E-05
   99.0000000       0.00000000      0.479999989       10.5419998       18.2095757       6.30000019      0.733741224       6.65984249       3.71408928E-03   3.33939563E-03  0.899115622       1.49382430E-03   4.41381650E-04   4.46100114E-03   2.22026487E-03   4.46100067E-03   3.56008578E-03   2.89801345E-03   3.56008601E-03  0.402204722      0.132174104     k_33_43_16                                                                         8.50509241E-05   5.03100106E-04   2.60709814E-04   1.89540151E-05   1.12754562E-04   5.14674233E-04   3.32465308E-04   2.44255061E-05
   99.0000000       0.00000000      0.509999990       10.5419998       18.4539413       6.30000019      0.709602296       6.97391653       2.57134205E-03   2.31729215E-03  0.901199520       7.03174563E-04   7.29849198E-05   2.92292936E-03   1.86816778E-03   2.92293006E-03   2.35378137E-03   2.24430719E-03   2.35378789E-03  0.273465961       3.14957798E-02 k_33_43_17                                                                         6.61493395E-05   3.69629095E-04   2.06531491E-04   1.57089380E-05   9.11909374E-05   3.75761476E-04   2.61797453E-04   1.99083152E-05
   99.0000000       0.00000000      0.540000021       10.5419998       18.7320080       6.30000019      0.685023069       7.31617594       1.78578123E-03   1.59584859E-03  0.893641710       2.77144311E-04  -9.33301490E-05   1.92435365E-03   1.50863722E-03   1.92435365E-03   1.54918060E-03   1.68917887E-03   1.54918688E-03  0.155194998      -5.84830865E-02 k_33_43_18                                                                         5.23632807E-05   2.71088735E-04   1.63386663E-04   1.29059044E-05   7.50336694E-05   2.77418643E-04   2.07670324E-04   1.62542128E-05
   99.0000000       0.00000000      0.569999993       10.5419998       19.0502987       6.30000019      0.660071552       7.68939829       1.23872305E-03   1.09106593E-03  0.880798936       6.09572708E-05  -1.50380729E-04   1.26920175E-03   1.17776578E-03   1.26920186E-03   1.01587211E-03   1.24144647E-03   1.01587898E-03   4.92097661E-02 -0.137829185     k_33_43_19                                                                         4.21452933E-05   1.98945083E-04   1.28998945E-04   1.05026847E-05   6.25767425E-05   2.06416124E-04   1.65417456E-04   1.32537607E-05
   99.0000000       0.00000000      0.600000024       10.5419998       19.4172802       6.30000019      0.634810209       8.09683704       8.54938640E-04   7.38531002E-04  0.863840938      -3.78121877E-05  -1.55980539E-04   8.36032559E-04   8.92750861E-04   8.36032559E-04   6.60537975E-04   8.94511468E-04   6.60543330E-04  -4.42279540E-02 -0.211203784     k_33_43_20                                                                         3.44431901E-05   1.45903177E-04   1.01449848E-04   8.43510497E-06   5.27321317E-05   1.54379319E-04   1.31969180E-04   1.07673768E-05
   99.0000000       0.00000000      0.629999995       10.5419998       19.8441505       6.30000019      0.609297812       8.54230595       5.85146889E-04   4.94492240E-04  0.845073700      -7.35636931E-05  -1.36749441E-04   5.48365060E-04   6.58710604E-04   5.48365060E-04   4.26117913E-04   6.31241885E-04   4.26117360E-04 -0.125718340     -0.276545167     k_33_43_21                                                                         2.86377399E-05   1.06913139E-04   7.95386659E-05   6.75285264E-06   4.47932180E-05   1.15839139E-04   1.05253392E-04   8.69960422E-06
   99.0000000       0.00000000      0.660000026       10.5419998       20.3459911       6.30000019      0.583590388       9.03025913       3.96464748E-04   3.27499292E-04  0.826048970      -7.77914465E-05  -1.10377769E-04   3.57569108E-04   4.74256231E-04   3.57569050E-04   2.72310106E-04   4.37877112E-04   2.72310717E-04 -0.196212769     -0.337032080     k_33_43_22                                                                         2.42222432E-05   7.84357762E-05   6.22957159E-05   5.34172432E-06   3.83368970E-05   8.72077217E-05   8.39202912E-05   6.99066732E-06
   99.0000000       0.00000000      0.689999998       10.5419998       20.9437313       6.30000019      0.557739198       9.56597710       2.64834758E-04   2.14078726E-04  0.808348298      -6.80123994E-05  -8.38211345E-05   2.30828533E-04   3.32847121E-04   2.30828533E-04   1.72168438E-04   2.97899853E-04   1.72167915E-04 -0.256810695     -0.391543508     k_33_43_23                                                                         2.07418943E-05   5.76397724E-05   4.86948484E-05   4.19695425E-06   3.29812610E-05   6.57480414E-05   6.67609711E-05   5.57581006E-06
   99.0000000       0.00000000      0.720000029       10.5419998       21.6672821       6.30000019      0.531791687       10.1557369       1.73931650E-04   1.37800060E-04  0.792265594      -5.36519292E-05  -6.09972776E-05   1.47105660E-04   2.27583572E-04   1.47105660E-04   1.07301341E-04   1.98797352E-04   1.07301494E-04 -0.308465600     -0.442650586     k_33_43_24                                                                         1.79665076E-05   4.24630562E-05   3.80004603E-05   3.26453483E-06   2.85110473E-05   4.96470311E-05   5.29914942E-05   4.41399061E-06
   99.0000000       0.00000000      0.750000000       10.5419998       22.5610886       6.30000019      0.505791724       10.8070469       1.11806738E-04   8.70379663E-05  0.778468013      -3.93646005E-05  -4.23455895E-05   9.21244500E-05   1.51171364E-04   9.21244427E-05   6.58652862E-05   1.29383567E-04   6.58650752E-05 -0.352077186     -0.486518592     k_33_43_25                                                                         1.57235791E-05   3.13468445E-05   2.96297530E-05   2.53504459E-06   2.47391454E-05   3.75230920E-05   4.19342978E-05   3.46479646E-06
   99.0000000       0.00000000      0.779999971       10.5419998       23.6944885       6.30000019      0.479779303       11.5289669       7.00603050E-05   5.38184395E-05  0.768173039      -2.71842018E-05  -2.82436158E-05   5.64682086E-05   9.72445123E-05   5.64682123E-05   3.96966461E-05   8.20620626E-05   3.96966279E-05 -0.388011456     -0.524794400     k_33_43_26                                                                         1.38971718E-05   2.32776692E-05   2.31317972E-05   1.95505891E-06   2.15653545E-05   2.84200814E-05   3.31188130E-05   2.69907650E-06
   99.0000000       0.00000000      0.810000002       10.5419998       25.1826477       6.30000019      0.453790933       12.3325214       4.24028731E-05   3.23060194E-05  0.761882782      -1.76863487E-05  -1.79418203E-05   3.35596997E-05   6.00892199E-05   3.35596924E-05   2.33350820E-05   5.02478324E-05   2.33351311E-05 -0.417102605     -0.555370808     k_33_43_27                                                                         1.23640875E-05   1.73781264E-05   1.80663737E-05   1.49786229E-06   1.88529448E-05   2.15394648E-05   2.60628749E-05   2.08266010E-06
   99.0000000       0.00000000      0.839999974       10.5419998       27.2339115       6.30000019      0.427859426       13.2312603       2.45358824E-05   1.86238303E-05  0.759044647      -1.07735978E-05  -1.07526284E-05   1.91490799E-05   3.53094765E-05   1.91490781E-05   1.32476052E-05   2.93764551E-05   1.32474197E-05 -0.439095587     -0.577358603     k_33_43_28                                                                         1.10833807E-05   1.30581229E-05   1.41335167E-05   1.14561954E-06   1.65598121E-05   1.63676614E-05   2.04748794E-05   1.59415868E-06
   99.0000000       0.00000000      0.870000005       10.5419998       30.2739944       6.30000019      0.402015120       14.2419710       1.32839850E-05   1.00908728E-05  0.759626925      -6.03461649E-06  -5.92022070E-06   1.02666763E-05   1.93185988E-05   1.02666763E-05   7.13078316E-06   1.60110903E-05   7.13073905E-06 -0.454277575     -0.586690664     k_33_43_29                                                                         1.00053021E-05   9.87439307E-06   1.10743104E-05   8.71012617E-07   1.46125421E-05   1.24686467E-05   1.60537820E-05   1.20962477E-06
   99.0000000       0.00000000      0.899999976       10.5419998       35.3578758       6.30000019      0.376284838       15.3857670       6.43472822E-06   4.92445497E-06  0.765293360      -2.97444649E-06  -2.93479729E-06   4.94750566E-06   9.40917562E-06   4.94750566E-06   3.45702620E-06   7.85925204E-06   3.45708690E-06 -0.462248981     -0.595963895     k_33_43_30                                                                         9.07037429E-06   7.53253153E-06   8.68914503E-06   6.55018994E-07   1.29515429E-05   9.51864240E-06   1.25583392E-05   9.08974926E-07
   99.0000000       0.00000000      0.930000007       10.5419998       46.2424965       6.30000019      0.350692540       16.6895447       2.46845252E-06   1.91577010E-06  0.776101649      -1.14102795E-06  -1.14986813E-06   1.89793820E-06   3.60947956E-06   1.89793832E-06   1.34083336E-06   3.06563834E-06   1.34083950E-06 -0.462244242     -0.600211978     k_33_43_31                                                                         8.26562155E-06   5.79270272E-06   6.85630266E-06   4.97327392E-07   1.15545481E-05   7.29432668E-06   9.81871472E-06   6.77116986E-07
   99.0000000       0.00000000      0.959999979       10.5419998       110.845963       6.30000019      0.325260073       18.1880302       3.38654132E-07   2.68705008E-07  0.793449640      -1.53514748E-07  -1.58633739E-07   2.61896759E-07   4.92168795E-07   2.61896702E-07   1.89388956E-07   4.27338733E-07   1.89387322E-07 -0.453308344     -0.590363920     k_33_43_32                                                                         7.59837212E-06   4.48196624E-06   5.41603958E-06   3.72608383E-07   1.03889433E-05   5.61430807E-06   7.67872280E-06   4.99923544E-07
