 #! thr0[f,0]/ phr0[f,1]/ pr[f,2]/ ei[f,3]/ th_e[f,4]/ q2[f,5]/ x[f,6]/ plab[f,7]/ crs0[f,8]/ crs12[f,9]/  ratio[f,10]/ crs_ten0[f,11]/ crs_ten12[f,12]/  crs_pol0_-1[f,13]/ crs_pol0_0[f,14]/ crs_pol0_1[f,15]/ crs_pol12_-1[f,16]/ crs_pol12_0[f,17]/ crs_pol12_1[f,18]/ asym0[f,19]/ asym12[f,20]/ ID[s,21]/ w_l[f,22]/ w_t[f,23]/ w_lt[f,24]/ w_tt[f,25]/ w_l_pwia[f,26]/ w_t_pwia[f,27]/ w_lt_pwia[f,28]/ w_tt_pwia[f,29]/ 
   93.0000000       0.00000000       0.00000000       10.5419998       13.1489296       4.50000000      0.998621821       3.20411038       2376.10181       2324.03027      0.978085339      -1.78986657E-02  -8.68314934       2376.09253       2376.11938       2376.09253       2319.68896       2332.71362       2319.68896      -7.53278573E-06  -3.73624614E-03 k_31_25_0                                                                          13.6707211       119.722847       1.13882506E-05  -3.81469727E-05   13.9845181       122.399094      -8.67361738E-19   0.00000000    
   93.0000000       0.00000000       2.99999993E-02   10.5419998       13.1507053       4.50000000      0.997712374       3.20866942       1173.04602       1137.37939      0.969594836       17.9218788       11.5490074       1182.00684       1155.12415       1182.00684       1143.15393       1125.83057       1143.15393       1.52780693E-02   1.01540498E-02 k_31_25_1                                                                          6.48642206       56.3618736       2.01492214       1.41448975E-02   6.69747639       58.1600761       2.04900002       1.43508911E-02
   93.0000000       0.00000000       5.99999987E-02   10.5419998       13.1647959       4.50000000      0.990568221       3.24475622       309.222626       291.462830      0.942566335       18.8337059       15.3217373       318.639526       290.388916       318.639526       299.123749       276.141113       299.123718       6.09066226E-02   5.25684096E-02 k_31_25_2                                                                          1.61910725       14.0123138       1.01835525       1.43151283E-02   1.72363257       14.8972225       1.05231452       1.46832466E-02
   93.0000000       0.00000000       9.00000036E-02   10.5419998       13.1782780       4.50000000      0.983848095       3.27915144       88.0543823       79.0243301      0.897449136       11.9831686       9.89947605       94.0459824       76.0712204       94.0459824       83.9740753       69.1248550       83.9740753      0.136088267      0.125271246     k_31_25_3                                                                         0.430179805       3.68066406      0.411954671       8.71336460E-03  0.482980818       4.12449884      0.438575834       9.14764404E-03
   93.0000000       0.00000000      0.119999997       10.5419998       13.1954985       4.50000000      0.975425303       3.32289052       29.5811443       24.9091873      0.842063010       7.06677246       5.76326752       33.1145248       22.5143719       33.1145248       27.7908134       19.1459198       27.7908230      0.238894492      0.231371164     k_31_25_4                                                                         0.133714303       1.12534165      0.173321366       4.92209196E-03  0.160863683       1.35185111      0.192519262       5.33092022E-03
   93.0000000       0.00000000      0.150000006       10.5419998       13.2165918       4.50000000      0.965346038       3.37617731       11.3793669       8.93850708      0.785501242       4.15875530       3.31379223       13.4587431       7.22061110       13.4587440       10.5954266       5.62471676       10.5953827      0.365464568      0.370732188     k_31_25_5                                                                          4.78203781E-02  0.392555594       7.77534395E-02   2.76716053E-03   6.18226863E-02  0.509126663       9.11160633E-02   3.13743949E-03
   93.0000000       0.00000000      0.180000007       10.5419998       13.2417164       4.50000000      0.953670621       3.43923330       4.85622072       3.57844329      0.736878216       2.47215104       1.91598344       6.09229708       2.38406992       6.09229708       4.53641796       1.66245997       4.53645277      0.509068906      0.535423756     k_31_25_6                                                                          1.93040501E-02  0.153728992       3.69129330E-02   1.57710910E-03   2.65657976E-02  0.213450283       4.61240336E-02   1.89410150E-03
   93.0000000       0.00000000      0.209999993       10.5419998       13.2710581       4.50000000      0.940467834       3.51232481       2.25157356       1.66722989      0.740473211       1.48359370       1.14284194       2.99337006      0.767979980       2.99337029       2.23864818      0.524387956       2.23865294      0.658914149      0.685473502     k_31_25_7                                                                          9.28493775E-03   7.14865476E-02   1.88972633E-02   9.29582864E-04   1.25030437E-02   9.75604504E-02   2.47673038E-02   1.17806718E-03
   93.0000000       0.00000000      0.239999995       10.5419998       13.3047867       4.50000000      0.925838590       3.59562373       1.12053454      0.815273523      0.727575541      0.895945609      0.663909316       1.56850719      0.224588856       1.56850731       1.14722705      0.151364043       1.14722919      0.799569845      0.814339340     k_31_25_8                                                                          4.74766083E-03   3.50794122E-02   1.00304121E-02   5.55381179E-04   6.36923593E-03   4.80279289E-02   1.40424818E-02   7.57079571E-04
   93.0000000       0.00000000      0.270000011       10.5419998       13.3431664       4.50000000      0.909864426       3.68949294      0.594580948      0.454555690      0.764497578      0.542391300      0.392118335      0.865776718       5.21896444E-02  0.865776718      0.650614321       6.24374077E-02  0.650615454      0.912224472      0.862640917     k_31_25_9                                                                          2.78816698E-03   2.00113636E-02   5.80539927E-03   3.49991024E-04   3.48948920E-03   2.52971798E-02   8.39123689E-03   5.04185446E-04
   93.0000000       0.00000000      0.300000012       10.5419998       13.3864660       4.50000000      0.892647266       3.79425693      0.335003972      0.279951394      0.835665882      0.327938259      0.232883424      0.498973131       7.06571527E-03  0.498973161      0.396392226       4.70679440E-02  0.396393925      0.978908539      0.831870914     k_31_25_10                                                                         1.82452984E-03   1.27261700E-02   3.65540269E-03   2.36926600E-04   2.04821350E-03   1.41981691E-02   5.28033311E-03   3.48798465E-04
   93.0000000       0.00000000      0.330000013       10.5419998       13.4349985       4.50000000      0.874293625       3.91028666      0.199556485      0.178910166      0.896538973      0.197214499      0.134162024      0.298163742       2.34200084E-03  0.298163772      0.245990947       4.47481498E-02  0.245991409      0.988264024      0.749884844     k_31_25_11                                                                         1.23171171E-03   8.35850462E-03   2.45645409E-03   1.68353785E-04   1.28286309E-03   8.45523179E-03   3.49216792E-03   2.50752084E-04
   93.0000000       0.00000000      0.360000014       10.5419998       13.4891806       4.50000000      0.854893506       4.03813124      0.124945141      0.117269397      0.938567102      0.117444150       7.41205141E-02  0.183667213       7.50099169E-03  0.183667198      0.154329211       4.31488715E-02  0.154330119      0.939965725      0.632053316     k_31_25_12                                                                         8.46483919E-04   5.60105126E-03   1.74283644E-03   1.25966268E-04   8.52634257E-04   5.31211775E-03   2.41747149E-03   1.86876394E-04
   93.0000000       0.00000000      0.389999986       10.5419998       13.5494394       4.50000000      0.834558725       4.17827702       8.15994740E-02   8.12710449E-02  0.995975137       6.88867345E-02   4.18160744E-02  0.116042845       1.27127375E-02  0.116042845      0.102178477       3.94549631E-02  0.102179684      0.844205618      0.514526129     k_31_25_13                                                                         6.14107004E-04   3.95939173E-03   1.32956763E-03   1.01513579E-04   5.96909958E-04   3.49451276E-03   1.74067868E-03   1.43647892E-04
   93.0000000       0.00000000      0.419999987       10.5419998       13.6163130       4.50000000      0.813387752       4.33137369       5.51162660E-02   5.56929819E-02   1.01046360       3.95198204E-02   2.12250631E-02   7.48761669E-02   1.55964438E-02   7.48761669E-02   6.63053542E-02   3.44679132E-02   6.63056597E-02  0.717026472      0.381108403     k_31_25_14                                                                         4.38243384E-04   2.75278557E-03   1.02544087E-03   8.34964449E-05   4.36541130E-04   2.38709012E-03   1.29404548E-03   1.13155111E-04
   93.0000000       0.00000000      0.449999988       10.5419998       13.6904097       4.50000000      0.791482985       4.49812174       3.81700397E-02   3.85758132E-02   1.01063073       2.19417550E-02   9.40143690E-03   4.91409153E-02   1.62282828E-02   4.91409153E-02   4.32764105E-02   2.91743726E-02   4.32766452E-02  0.574842334      0.243713260     k_31_25_15                                                                         3.18929728E-04   1.93715841E-03   8.01279210E-04   6.84587867E-05   3.30685114E-04   1.67891791E-03   9.85521008E-04   9.06995265E-05
   93.0000000       0.00000000      0.479999989       10.5419998       13.7724648       4.50000000      0.768940389       4.67935276       2.68885102E-02   2.66027264E-02  0.989371538       1.15756504E-02   2.88220891E-03   3.26763391E-02   1.53128635E-02   3.26763354E-02   2.80437674E-02   2.37205196E-02   2.80439034E-02  0.430505455      0.108342610     k_31_25_16                                                                         2.29634243E-04   1.36143412E-03   6.22949970E-04   5.75987506E-05   2.57446605E-04   1.20650441E-03   7.63396558E-04   7.34876376E-05
   93.0000000       0.00000000      0.509999990       10.5419998       13.8633308       4.50000000      0.745854676       4.87599802       1.91530492E-02   1.86949130E-02  0.976080239       5.60624991E-03  -5.90756652E-04   2.19561700E-02   1.35467993E-02   2.19561756E-02   1.83994770E-02   1.92856714E-02   1.83995962E-02  0.292707950      -3.15998606E-02 k_31_25_17                                                                         1.68564264E-04   9.81589430E-04   4.91303101E-04   4.83744952E-05   2.04790646E-04   8.80888372E-04   5.98300539E-04   5.98969636E-05
   93.0000000       0.00000000      0.540000021       10.5419998       13.9640388       4.50000000      0.722313046       5.08915138       1.37240449E-02   1.30508831E-02  0.950950205       2.27976893E-03  -1.92749570E-03   1.48639278E-02   1.14442753E-02   1.48639297E-02   1.20871104E-02   1.49783799E-02   1.20871635E-02  0.166114941     -0.147690833     k_31_25_18                                                                         1.28611515E-04   6.98738673E-04   3.89506808E-04   4.03979211E-05   1.65600286E-04   6.50285743E-04   4.72269196E-04   4.89030790E-05
   93.0000000       0.00000000      0.569999993       10.5419998       14.0757942       4.50000000      0.698402882       5.32002020       9.85188223E-03   9.14489850E-03  0.928238690       5.19646273E-04  -2.15593586E-03   1.01117045E-02   9.33223590E-03   1.01117054E-02   8.06691870E-03   1.13008339E-02   8.06694292E-03   5.27458861E-02 -0.235752851     k_31_25_19                                                                         9.98192700E-05   5.05892676E-04   3.06195958E-04   3.24512803E-05   1.35574708E-04   4.83581796E-04   3.74137337E-04   3.98642878E-05
   93.0000000       0.00000000      0.600000024       10.5419998       14.2000751       4.50000000      0.674199820       5.57005310       7.06877466E-03   6.39919471E-03  0.905276358      -3.34636599E-04  -1.93191413E-03   6.90145930E-03   7.40341283E-03   6.90145604E-03   5.43322507E-03   8.33110791E-03   5.43324929E-03  -4.73401137E-02 -0.301899582     k_31_25_20                                                                         7.88726611E-05   3.68208275E-04   2.39686080E-04   2.62238609E-05   1.12120317E-04   3.61592101E-04   2.96956772E-04   3.23949353E-05
   93.0000000       0.00000000      0.629999995       10.5419998       14.3386354       4.50000000      0.649782002       5.84082985       5.05363522E-03   4.45182202E-03  0.880914807      -6.80295285E-04  -1.59750343E-03   4.71348781E-03   5.73393097E-03   4.71348781E-03   3.65306903E-03   6.04932616E-03   3.65307229E-03 -0.134615034     -0.358842611     k_31_25_21                                                                         6.31814182E-05   2.68178410E-04   1.86639460E-04   2.09285208E-05   9.33794654E-05   2.71157303E-04   2.35543353E-04   2.61798268E-05
   93.0000000       0.00000000      0.660000026       10.5419998       14.4936428       4.50000000      0.625215888       6.13424158       3.59643949E-03   3.07870004E-03  0.856041133      -7.55222165E-04  -1.26195222E-03   3.21882823E-03   4.35166107E-03   3.21882823E-03   2.44771945E-03   4.34065191E-03   2.44772807E-03 -0.209991619     -0.409897745     k_31_25_22                                                                         5.13586492E-05   1.95393863E-04   1.44757112E-04   1.65856691E-05   7.82544448E-05   2.03853182E-04   1.86641249E-04   2.10341750E-05
   93.0000000       0.00000000      0.689999998       10.5419998       14.6677647       4.50000000      0.600564241       6.45244026       2.54199514E-03   2.11357744E-03  0.831463993      -6.98746706E-04  -9.64901817E-04   2.19262182E-03   3.24074202E-03   2.19262182E-03   1.63112208E-03   3.07847862E-03   1.63113070E-03 -0.274881214     -0.456525415     k_31_25_23                                                                         4.22919875E-05   1.42364486E-04   1.11755129E-04   1.29865221E-05   6.58514837E-05   1.53402143E-04   1.47508035E-04   1.67755497E-05
   93.0000000       0.00000000      0.720000029       10.5419998       14.8643236       4.50000000      0.575884581       6.79792118       1.78310927E-03   1.44070131E-03  0.807971418      -5.88729919E-04  -7.18496274E-04   1.48874440E-03   2.37183925E-03   1.48874440E-03   1.08145003E-03   2.15919781E-03   1.08145631E-03 -0.330170423     -0.498712867     k_31_25_24                                                                         3.52519746E-05   1.03773098E-04   8.60212385E-05   1.00766410E-05   5.56183259E-05   1.15551156E-04   1.16273892E-04   1.32801215E-05
   93.0000000       0.00000000      0.750000000       10.5419998       15.0875053       4.50000000      0.551229835       7.17357111       1.23920781E-03   9.75255156E-04  0.786998868      -4.66948579E-04  -5.22784423E-04   1.00573339E-03   1.70615641E-03   1.00573350E-03   7.13863643E-04   1.49803970E-03   7.13862188E-04 -0.376812160     -0.536048889     k_31_25_25                                                                         2.96921698E-05   7.58077076E-05   6.60553778E-05   7.74174623E-06   4.70885025E-05   8.70561344E-05   9.13334297E-05   1.04255560E-05
   93.0000000       0.00000000      0.779999971       10.5419998       15.3426781       4.50000000      0.526647270       7.58276272       8.52826168E-04   6.56041666E-04  0.769255996      -3.54151300E-04  -3.72963987E-04   6.75750547E-04   1.20697753E-03   6.75750547E-04   4.69560327E-04   1.02900562E-03   4.69558901E-04 -0.415267855     -0.568506539     k_31_25_26                                                                         2.52501322E-05   5.55717561E-05   5.06921133E-05   5.93203004E-06   3.99680794E-05   6.56375851E-05   7.15269780E-05   8.11959217E-06
   93.0000000       0.00000000      0.810000002       10.5419998       15.6368370       4.50000000      0.502178550       8.02946186       5.79920190E-04   4.37115581E-04  0.753751278      -2.58906337E-04  -2.60162051E-04   4.50467021E-04   8.38826527E-04   4.50467021E-04   3.07035487E-04   6.97277545E-04   3.07033682E-04 -0.446451664     -0.595179081     k_31_25_27                                                                         2.16234876E-05   4.08060332E-05   3.87984692E-05   4.50633161E-06   3.39644466E-05   4.94778797E-05   5.57888343E-05   6.26597284E-06
   93.0000000       0.00000000      0.839999974       10.5419998       15.9792719       4.50000000      0.477861613       8.51832867       3.89606110E-04   2.89471092E-04  0.742983937      -1.83109529E-04  -1.79002585E-04   2.98051338E-04   5.72715653E-04   2.98051338E-04   1.99969902E-04   4.68473707E-04   1.99969727E-04 -0.469986290     -0.618378103     k_31_25_28                                                                         1.86277503E-05   3.01793061E-05   2.97604383E-05   3.41654413E-06   2.89273703E-05   3.73398143E-05   4.33943351E-05   4.79674600E-06
   93.0000000       0.00000000      0.870000005       10.5419998       16.3825989       4.50000000      0.453730196       9.05488205       2.57827982E-04   1.89386032E-04  0.734544158      -1.25374921E-04  -1.20016703E-04   1.95140528E-04   3.83202976E-04   1.95140557E-04   1.29377659E-04   3.09402734E-04   1.29377688E-04 -0.486273527     -0.633714676     k_31_25_29                                                                         1.61237949E-05   2.23793577E-05   2.27904602E-05   2.56076055E-06   2.46569380E-05   2.81780958E-05   3.36192497E-05   3.63713843E-06
   93.0000000       0.00000000      0.899999976       10.5419998       16.8644257       4.50000000      0.429814398       9.64569378       1.67911683E-04   1.22536512E-04  0.729767621      -8.30777135E-05  -7.84506701E-05   1.26372819E-04   2.50989367E-04   1.26372819E-04   8.33109589E-05   2.00987168E-04   8.33113736E-05 -0.494770288     -0.640222788     k_31_25_30                                                                         1.40132752E-05   1.66935897E-05   1.74755205E-05   1.92043535E-06   2.10584003E-05   2.12912055E-05   2.59767967E-05   2.73440764E-06
   93.0000000       0.00000000      0.930000007       10.5419998       17.4502087       4.50000000      0.406139046       10.2987061       1.07285850E-04   7.81180934E-05  0.728130460      -5.30817561E-05  -4.97188739E-05   8.07449760E-05   1.60367606E-04   8.07449687E-05   5.32584891E-05   1.27836975E-04   5.32588092E-05 -0.494769394     -0.636457860     k_31_25_31                                                                         1.22194224E-05   1.25221868E-05   1.34111697E-05   1.42928411E-06   1.80169027E-05   1.61050812E-05   2.00159593E-05   2.03720037E-06
   93.0000000       0.00000000      0.959999979       10.5419998       18.1782093       4.50000000      0.382726103       11.0235376       6.70161389E-05   4.88971382E-05  0.729632258      -3.25165711E-05  -3.02617700E-05   5.07578552E-05   9.95327136E-05   5.07578588E-05   3.37662750E-05   7.91589118E-05   3.37662423E-05 -0.485205084     -0.618886352     k_31_25_32                                                                         1.06832213E-05   9.44990643E-06   1.03059365E-05   1.05763411E-06   1.54490699E-05   1.21999892E-05   1.53877027E-05   1.50408732E-06
   93.0000000       0.00000000      0.990000010       10.5419998       19.1089687       4.50000000      0.359595537       11.8319063       4.08009328E-05   2.99975618E-05  0.735217571      -1.89854654E-05  -1.78512619E-05   3.13081946E-05   5.97863909E-05   3.13081946E-05   2.10720900E-05   4.78488291E-05   2.10717735E-05 -0.465319395     -0.595090449     k_31_25_33                                                                         9.39248730E-06   7.19378295E-06   7.97337361E-06   7.85667908E-07   1.33125186E-05   9.27803740E-06   1.18341022E-05   1.10275005E-06
   93.0000000       0.00000000       1.01999998       10.5419998       20.3451004       4.50000000      0.336762756       12.7383690       2.40083682E-05   1.78532791E-05  0.743627369      -1.03961811E-05  -1.01107244E-05   1.88102767E-05   3.44045475E-05   1.88102731E-05   1.27978474E-05   2.79640026E-05   1.27979829E-05 -0.433023214     -0.566323102     k_31_25_34                                                                         8.29662258E-06   5.51695530E-06   6.19790762E-06   5.81450422E-07   1.15311404E-05   7.08271136E-06   9.10630297E-06   8.02429440E-07
   93.0000000       0.00000000       1.04999995       10.5419998       22.0771122       4.50000000      0.314242244       13.7610559       1.35049604E-05   1.01733585E-05  0.753305316      -5.22414666E-06  -5.27740667E-06   1.08928853E-05   1.87291062E-05   1.08928843E-05   7.53472295E-06   1.54507670E-05   7.53458835E-06 -0.386831701     -0.518747747     k_31_25_35                                                                         7.37337814E-06   4.26534280E-06   4.83919348E-06   4.28572775E-07   1.00713851E-05   5.44119666E-06   7.03208616E-06   5.80702590E-07
   93.0000000       0.00000000       1.08000004       10.5419998       24.7102013       4.50000000      0.292044729       14.9229975       7.04374133E-06   5.36622792E-06  0.761843383      -2.27030273E-06  -2.47792582E-06   5.90858963E-06   9.31404429E-06   5.90858872E-06   4.12726422E-06   7.84415352E-06   4.12726558E-06 -0.322314888     -0.461763054     k_31_25_36                                                                         6.55277654E-06   3.29374006E-06   3.76227626E-06   3.11836402E-07   8.82660424E-06   4.18295667E-06   5.42193811E-06   4.15357135E-07
   93.0000000       0.00000000       1.11000001       10.5419998       29.3176403       4.50000000      0.270179063       16.2537994       3.26384975E-06   2.52007885E-06  0.772118509      -7.88581360E-07  -9.74879413E-07   2.86955924E-06   4.05243100E-06   2.86955924E-06   2.03262516E-06   3.49495804E-06   2.03265267E-06 -0.241610810     -0.386844814     k_31_25_37                                                                         5.92099968E-06   2.57901502E-06   2.97113593E-06   2.28168005E-07   7.86739565E-06   3.25808651E-06   4.22937501E-06   2.97109750E-07
   93.0000000       0.00000000       1.13999999       10.5419998       40.3303490       4.50000000      0.248652846       17.7921257       1.12432872E-06   8.79761160E-07  0.782476842      -1.55414540E-07  -2.55961027E-07   1.04662138E-06   1.27974306E-06   1.04662115E-06   7.51779680E-07   1.13572196E-06   7.51781499E-07 -0.138228744     -0.290943772     k_31_25_38                                                                         5.41751342E-06   2.03715604E-06   2.37225117E-06   1.66963218E-07   7.12066185E-06   2.56380076E-06   3.33133789E-06   2.11759243E-07
