 #! thr0[f,0]/ phr0[f,1]/ pr[f,2]/ ei[f,3]/ th_e[f,4]/ q2[f,5]/ x[f,6]/ plab[f,7]/ crs0[f,8]/ crs12[f,9]/  ratio[f,10]/ crs_ten0[f,11]/ crs_ten12[f,12]/  crs_pol0_-1[f,13]/ crs_pol0_0[f,14]/ crs_pol0_1[f,15]/ crs_pol12_-1[f,16]/ crs_pol12_0[f,17]/ crs_pol12_1[f,18]/ asym0[f,19]/ asym12[f,20]/ ID[s,21]/ w_l[f,22]/ w_t[f,23]/ w_lt[f,24]/ w_tt[f,25]/ w_l_pwia[f,26]/ w_t_pwia[f,27]/ w_lt_pwia[f,28]/ w_tt_pwia[f,29]/ 
   96.0000000       0.00000000       0.00000000       10.5419998       10.8342438       3.29999995      0.998481154       2.53019238       10110.2461       9876.81348      0.976911306      -7.59624094E-02  -38.8711967       10110.2080       10110.3223       10110.2080       9857.37793       9915.68359       9857.37793      -7.51340849E-06  -3.93560110E-03 k_32_13_0                                                                          33.0909462       249.875610      -3.32134747E-04   6.10351562E-05   33.8946266       255.759369      -2.28050065E-31   0.00000000    
   96.0000000       0.00000000       2.99999993E-02   10.5419998       10.8406677       3.29999995      0.992634892       2.55229568       4987.86914       4829.99707      0.968348801       74.3175507       46.5033836       5025.02686       4913.55078       5025.02686       4853.24951       4783.49414       4853.24951       1.48996590E-02   9.62803513E-03 k_32_13_1                                                                          15.6859627       117.755005       4.33824968       3.58543396E-02   16.2252388       121.669846       4.41454792       3.61213684E-02
   96.0000000       0.00000000       5.99999987E-02   10.5419998       10.8494673       3.29999995      0.984755218       2.58246636       1318.43933       1240.84583      0.941147447       78.3130188       63.1025162       1357.59583       1240.12634       1357.59595       1272.39709       1177.74329       1272.39697       5.93982711E-02   5.08544371E-02 k_32_13_2                                                                          3.92678595       29.2308693       2.19269657       3.60422134E-02   4.19070768       31.1290131       2.26719189       3.69672775E-02
   96.0000000       0.00000000       9.00000036E-02   10.5419998       10.8606997       3.29999995      0.974901080       2.62082386       375.727234       337.984192      0.899546683       49.8657646       41.1288261       400.660187       325.861450       400.660187       358.548553       296.855316       358.548615      0.132717997      0.121688612     k_32_13_3                                                                          1.04750156       7.70770407      0.889254630       2.19364166E-02   1.17515850       8.61840343      0.945839286       2.30321884E-02
   96.0000000       0.00000000      0.119999997       10.5419998       10.8744726       3.29999995      0.963126540       2.66759968       126.295197       108.538109      0.859400153       29.4240398       24.3881054       141.007217       96.8711472       141.007217       120.732155       84.1500015       120.732178      0.232978299      0.224696249     k_32_13_4                                                                         0.331858426       2.40250826      0.378017962       1.24381781E-02  0.391449630       2.82481050      0.415601701       1.34230852E-02
   96.0000000       0.00000000      0.150000006       10.5419998       10.8908539       3.29999995      0.949541211       2.72289371       48.6049080       39.1452713      0.805376947       17.3234539       14.0634184       57.2666321       31.2814541       57.2666397       46.1769638       25.0818462       46.1769867      0.356413662      0.359262258     k_32_13_5                                                                         0.118887961      0.842364430      0.170270234       7.00819492E-03  0.150365874       1.06389403      0.196893424       7.90023804E-03
   96.0000000       0.00000000      0.180000007       10.5419998       10.9099665       3.29999995      0.934241772       2.78694177       20.7492161       15.9222069      0.767364264       10.3011913       8.23502350       25.8998089       10.4480228       25.8998108       20.0397034       7.68718290       20.0397339      0.496461719      0.517203629     k_32_13_6                                                                          4.85127941E-02  0.335877210       8.17587972E-02   4.00537252E-03   6.45405427E-02  0.446059316       9.97712538E-02   4.76935506E-03
   96.0000000       0.00000000      0.209999993       10.5419998       10.9319363       3.29999995      0.917346835       2.85996842       9.62271690       7.21597481      0.749889553       6.18350983       4.87598515       12.7144728       3.43920660       12.7144728       9.65396404       2.33998966       9.65397167      0.642594993      0.675720930     k_32_13_7                                                                          2.24528760E-02  0.151002094       4.17352244E-02   2.35646963E-03   3.03222518E-02  0.203895316       5.36308251E-02   2.96643376E-03
   96.0000000       0.00000000      0.239999995       10.5419998       10.9569178       3.29999995      0.898979306       2.94225717       4.78968954       3.68684959      0.769747078       3.73484969       2.92684054       6.65711498       1.05484021       6.65711451       5.15026665      0.760008991       5.15027237      0.779768646      0.793859482     k_32_13_8                                                                          1.19769722E-02   7.78634399E-02   2.29276568E-02   1.43963471E-03   1.54092973E-02  0.100388072       3.04408707E-02   1.90633535E-03
   96.0000000       0.00000000      0.270000011       10.5419998       10.9850864       3.29999995      0.879273772       3.03411222       2.54185343       2.04969621      0.806378603       2.26131749       1.76288319       3.67251182      0.280535996       3.67251182       2.93113375      0.286812991       2.93114185      0.889633298      0.860070467     k_32_13_9                                                                          6.97371038E-03   4.41382006E-02   1.35027850E-02   9.08797607E-04   8.41672812E-03   5.28863221E-02   1.82117019E-02   1.26955844E-03
   96.0000000       0.00000000      0.300000012       10.5419998       11.0166550       3.29999995      0.858357549       3.13594174       1.43229449       1.21184385      0.846085668       1.36736286       1.04005158       2.11597610       6.49317130E-02   2.11597610       1.73186684      0.171792209       1.73187268      0.954666018      0.858238935     k_32_13_10                                                                         4.34801914E-03   2.67428812E-02   8.42020847E-03   6.18856400E-04   4.92254272E-03   2.96907742E-02   1.14746476E-02   8.78293067E-04
   96.0000000       0.00000000      0.330000013       10.5419998       11.0518599       3.29999995      0.836370885       3.24815822      0.853263855      0.891910553       1.04529274      0.822366893      0.676604569       1.26444733       3.08969654E-02   1.26444733       1.23021173      0.215305924       1.23021400      0.963789701      0.758601367     k_32_13_11                                                                         3.43127991E-03   2.08105221E-02   6.11600326E-03   4.63065691E-04   3.07046855E-03   1.76879782E-02   7.59941293E-03   6.31406903E-04
   96.0000000       0.00000000      0.360000014       10.5419998       11.0909872       3.29999995      0.813445568       3.37128353      0.534288526      0.496906906      0.930034757      0.489775598      0.349213630      0.779176295       4.45129052E-02  0.779176295      0.671512246      0.147693232      0.671515107      0.916687489      0.702774763     k_32_13_12                                                                         1.97577383E-03   1.14482045E-02   4.03385609E-03   3.35094053E-04   2.03152397E-03   1.11182174E-02   5.26883453E-03   4.70560975E-04
   96.0000000       0.00000000      0.389999986       10.5419998       11.1343689       3.29999995      0.789712369       3.50590825      0.349013656      0.334196001      0.957544208      0.287336677      0.197839454      0.492681950       6.16769940E-02  0.492682010      0.433115304      0.136356533      0.433116049      0.823282063      0.591986299     k_32_13_13                                                                         1.39519386E-03   7.83530530E-03   3.00064054E-03   2.66042538E-04   1.41558691E-03   7.31964968E-03   3.80076445E-03   3.61757586E-04
   96.0000000       0.00000000      0.419999987       10.5419998       11.1823883       3.29999995      0.765298784       3.65271187      0.235735744      0.226809934      0.962136388      0.164847627      0.105515249      0.318159580       7.08881095E-02  0.318159580      0.279567182      0.121294692      0.279567927      0.699289918      0.465214401     k_32_13_14                                                                         9.92652262E-04   5.38928201E-03   2.28798203E-03   2.15617474E-04   1.03003415E-03   5.00342017E-03   2.83053680E-03   2.84924172E-04
   96.0000000       0.00000000      0.449999988       10.5419998       11.2354965       3.29999995      0.740327418       3.81247044      0.163262680      0.155915841      0.954999864       9.15165991E-02   5.19105084E-02  0.209020957       7.17460811E-02  0.209020957      0.181870610      0.104005344      0.181871578      0.560548186      0.332939297     k_32_13_15                                                                         7.19738135E-04   3.75417620E-03   1.77369395E-03   1.79164694E-04   7.76397297E-04   3.52230668E-03   2.16005952E-03   2.28354707E-04
   96.0000000       0.00000000      0.479999989       10.5419998       11.2942314       3.29999995      0.714910984       3.98610330      0.115047313      0.108277053      0.941152394       4.83019091E-02   2.22701114E-02  0.139198244       6.67453930E-02  0.139198244      0.119411923       8.60069469E-02  0.119412303      0.419843882      0.205677107     k_32_13_16                                                                         5.28048957E-04   2.66311597E-03   1.37768360E-03   1.50515349E-04   6.01768843E-04   2.53479462E-03   1.67746772E-03   1.85045064E-04
   96.0000000       0.00000000      0.509999990       10.5419998       11.3592186       3.29999995      0.689159870       4.17463541       8.19704905E-02   7.59845972E-02  0.926975012       2.33992264E-02   5.25940163E-03   9.36701074E-02   5.85712567E-02   9.36701149E-02   7.86139071E-02   7.07251951E-02   7.86146745E-02  0.285459161       6.92166835E-02 k_32_13_17                                                                         3.87104374E-04   1.93304685E-03   1.07491110E-03   1.22344180E-04   4.76743968E-04   1.85360713E-03   1.31825393E-03   1.50822976E-04
   96.0000000       0.00000000      0.540000021       10.5419998       11.4312086       3.29999995      0.663171470       4.37928629       5.87539822E-02   5.33755347E-02  0.908458173       9.51821264E-03  -2.90906779E-03   6.35130852E-02   4.92357686E-02   6.35130852E-02   5.19208722E-02   5.62846027E-02   5.19211330E-02  0.162001148      -5.45018949E-02 k_32_13_18                                                                         2.93659890E-04   1.40088494E-03   8.45010392E-04   1.00523757E-04   3.84221901E-04   1.37096702E-03   1.04373426E-03   1.23139587E-04
   96.0000000       0.00000000      0.569999993       10.5419998       11.5110950       3.29999995      0.637040317       4.60142231       4.21928689E-02   3.75237800E-02  0.889339387       2.17038742E-03  -5.71094267E-03   4.32780571E-02   4.00224775E-02   4.32780571E-02   3.46682444E-02   4.32347208E-02   3.46683674E-02   5.14396727E-02 -0.152195290     k_32_13_19                                                                         2.28383637E-04   1.02121325E-03   6.65087136E-04   8.12576618E-05   3.13801924E-04   1.02183991E-03   8.29689030E-04   1.00379955E-04
   96.0000000       0.00000000      0.600000024       10.5419998       11.5999565       3.29999995      0.610848248       4.84266329       3.02874055E-02   2.62943078E-02  0.868159771      -1.39830110E-03  -5.92580158E-03   2.95882523E-02   3.16857062E-02   2.95882560E-02   2.33314019E-02   3.22201103E-02   2.33314112E-02  -4.61677425E-02 -0.225364432     k_32_13_20                                                                         1.81244497E-04   7.46149395E-04   5.21823182E-04   6.54422329E-05   2.59187917E-04   7.66135054E-04   6.61060389E-04   8.15720414E-05
   96.0000000       0.00000000      0.629999995       10.5419998       11.6991024       3.29999995      0.584671021       5.10486841       2.16646194E-02   1.83484536E-02  0.846931756      -2.84415786E-03  -5.30333444E-03   2.02425383E-02   2.45087780E-02   2.02425402E-02   1.56968068E-02   2.36517899E-02   1.56967640E-02 -0.131281227     -0.289034396     k_32_13_21                                                                         1.46067949E-04   5.46592986E-04   4.08289314E-04   5.21822658E-05   2.15881795E-04   5.76353981E-04   5.26603137E-04   6.59218058E-05
   96.0000000       0.00000000      0.660000026       10.5419998       11.8101282       3.29999995      0.558578134       5.39018869       1.54272635E-02   1.27485069E-02  0.826362193      -3.15937167E-03  -4.41190880E-03   1.38475774E-02   1.85866356E-02   1.38475774E-02   1.05425501E-02   1.71604175E-02   1.05425566E-02 -0.204791456     -0.346072584     k_32_13_22                                                                         1.19652002E-04   4.01283847E-04   3.19076411E-04   4.12910013E-05   1.81201176E-04   4.34909307E-04   4.19283781E-04   5.29648387E-05
   96.0000000       0.00000000      0.689999998       10.5419998       11.9350176       3.29999995      0.532628298       5.70116472       1.09118838E-02   8.81367922E-03  0.807713807      -2.92519038E-03  -3.50633007E-03   9.44928825E-03   1.38370721E-02   9.44928825E-03   7.06050312E-03   1.23200091E-02   7.06052314E-03 -0.268073827     -0.397828192     k_32_13_23                                                                         9.95580631E-05   2.95145757E-04   2.49143632E-04   3.25083383E-05   1.52975321E-04   3.28686845E-04   3.33158416E-04   4.22413868E-05
   96.0000000       0.00000000      0.720000029       10.5419998       12.0762396       3.29999995      0.506875932       6.04074097       7.66050629E-03   6.06261846E-03  0.791412234      -2.46663485E-03  -2.70019029E-03   6.42718840E-03   1.01271411E-02   6.42718934E-03   4.71253134E-03   8.76280945E-03   4.71251691E-03 -0.321993709     -0.445383519     k_32_13_24                                                                         8.40236389E-05   2.17826921E-04   1.94419903E-04   2.54043043E-05   1.29852779E-04   2.48816476E-04   2.64197559E-04   3.34398646E-05
   96.0000000       0.00000000      0.750000000       10.5419998       12.2369375       3.29999995      0.481366456       6.41242266       5.32852998E-03   4.13513649E-03  0.776037037      -1.95858395E-03  -1.98900211E-03   4.34923824E-03   7.28711486E-03   4.34923824E-03   3.14063905E-03   6.12413837E-03   3.14063253E-03 -0.367565542     -0.481000364     k_32_13_25                                                                         7.18356241E-05   1.60690382E-04   1.51414686E-04   1.97058107E-05   1.10697256E-04   1.88520047E-04   2.08921920E-04   2.62512622E-05
   96.0000000       0.00000000      0.779999971       10.5419998       12.4211426       3.29999995      0.456140697       6.82033157       3.67132272E-03   2.81717116E-03  0.767345011      -1.48698932E-03  -1.45980110E-03   2.92782835E-03   5.15831262E-03   2.92782811E-03   2.08725245E-03   4.27697273E-03   2.08728877E-03 -0.405028224     -0.518179774     k_32_13_26                                                                         6.20684150E-05   1.19981487E-04   1.18377582E-04   1.52136308E-05   9.48126471E-05   1.43078913E-04   1.64872938E-04   2.04479002E-05
   96.0000000       0.00000000      0.810000002       10.5419998       12.6341305       3.29999995      0.431233019       7.26939964       2.49889470E-03   1.90135220E-03  0.760877252      -1.08800677E-03  -1.04220351E-03   1.95489125E-03   3.58690135E-03   1.95489125E-03   1.38025091E-03   2.94355559E-03   1.38024997E-03 -0.435395211     -0.548138082     k_32_13_27                                                                         5.40708679E-05   8.97832724E-05   9.24297347E-05   1.16928859E-05   8.14531595E-05   1.08630178E-04   1.29665292E-04   1.57779868E-05
   96.0000000       0.00000000      0.839999974       10.5419998       12.8829594       3.29999995      0.406672031       7.76555395       1.68053829E-03   1.27400598E-03  0.758094013      -7.70279730E-04  -7.25569902E-04   1.29539857E-03   2.45081820E-03   1.29539834E-03   9.11217066E-04   1.99957611E-03   9.11225041E-04 -0.458352983     -0.569518447     k_32_13_28                                                                         4.75170091E-05   6.76510172E-05   7.23290432E-05   8.95074663E-06   7.02903853E-05   8.26476098E-05   1.01800739E-04   1.20771292E-05
   96.0000000       0.00000000      0.870000005       10.5419998       13.1772623       3.29999995      0.382482529       8.31595325       1.11415342E-03   8.43855727E-04  0.757396340      -5.28332137E-04  -4.92517313E-04   8.49987264E-04   1.64248550E-03   8.49987264E-04   5.97594830E-04   1.33637304E-03   5.97599428E-04 -0.474200517     -0.583651066     k_32_13_29                                                                         4.20401884E-05   5.12002662E-05   5.66089002E-05   6.79168988E-06   6.08991868E-05   6.29897258E-05   7.97628672E-05   9.16396857E-06
   96.0000000       0.00000000      0.899999976       10.5419998       13.5305901       3.29999995      0.358684748       8.92934513       7.25994701E-04   5.51592442E-04  0.759774745      -3.50308052E-04  -3.24179768E-04   5.50840690E-04   1.07630272E-03   5.50840690E-04   3.89505120E-04   8.75772210E-04   3.89500114E-04 -0.482521504     -0.587716103     k_32_13_30                                                                         3.73396651E-05   3.89506968E-05   4.43684548E-05   5.12668703E-06   5.29396930E-05   4.80633171E-05   6.23393571E-05   6.88630644E-06
   96.0000000       0.00000000      0.930000007       10.5419998       13.9626741       3.29999995      0.335294247       9.61654377       4.64148179E-04   3.55380558E-04  0.765661836      -2.23959127E-04  -2.09250589E-04   3.52168601E-04   6.88107277E-04   3.52168659E-04   2.50753248E-04   5.64631133E-04   2.50757264E-04 -0.482516438     -0.588807106     k_32_13_31                                                                         3.33512726E-05   2.98589111E-05   3.48888279E-05   3.84820305E-06   4.62450116E-05   3.67684188E-05   4.86774334E-05   5.12976658E-06
   96.0000000       0.00000000      0.959999979       10.5419998       14.5034475       3.29999995      0.312323660       10.3910275       2.89987889E-04   2.24519346E-04  0.774236977      -1.37219075E-04  -1.30695465E-04   2.21378359E-04   4.27206978E-04   2.21378374E-04   1.59172312E-04   3.55214783E-04   1.59170886E-04 -0.473188996     -0.582112253     k_32_13_32                                                                         2.99304302E-05   2.30224286E-05   2.75213788E-05   2.89013860E-06   4.06168365E-05   2.82079855E-05   3.79963749E-05   3.78733876E-06
   96.0000000       0.00000000      0.990000010       10.5419998       15.2008371       3.29999995      0.289782733       11.2698221       1.76413800E-04   1.38155068E-04  0.783130705      -8.00558555E-05  -7.82062489E-05   1.36385876E-04   2.56469706E-04   1.36385876E-04   9.90515400E-05   2.16361295E-04   9.90523185E-05 -0.453795880     -0.566075861     k_32_13_33                                                                         2.70722412E-05   1.78433020E-05   2.17776342E-05   2.15524960E-06   3.59742953E-05   2.17558809E-05   2.97343813E-05   2.77676372E-06
   96.0000000       0.00000000       1.01999998       10.5419998       16.1372185       3.29999995      0.267677724       12.2747860       1.03543207E-04   8.20896457E-05  0.792805731      -4.37262388E-05  -4.40120966E-05   8.16800894E-05   1.47269442E-04   8.16801185E-05   6.00834137E-05   1.26101731E-04   6.00837775E-05 -0.422299445     -0.536146760     k_32_13_34                                                                         2.46509044E-05   1.39228487E-05   1.72923246E-05   1.59538831E-06   3.21562875E-05   1.68695642E-05   2.33424089E-05   2.02054434E-06
   96.0000000       0.00000000       1.04999995       10.5419998       17.4684353       3.29999995      0.246013731       13.4343357       5.79082407E-05   4.65628218E-05  0.804079354      -2.18459973E-05  -2.30043988E-05   4.69852384E-05   7.97542307E-05   4.69852457E-05   3.50607042E-05   6.95672206E-05   3.50605442E-05 -0.377251953     -0.494050801     k_32_13_35                                                                         2.27139735E-05   1.09664616E-05   1.38594223E-05   1.18041817E-06   2.91188444E-05   1.31870065E-05   1.84473374E-05   1.46222919E-06
   96.0000000       0.00000000       1.08000004       10.5419998       19.5350838       3.29999995      0.224792227       14.7862892       2.98372506E-05   2.43128125E-05  0.814847589      -9.37882032E-06  -1.06192192E-05   2.51478377E-05   3.92160728E-05   2.51478414E-05   1.90034643E-05   3.49320289E-05   1.90029386E-05 -0.314332604     -0.436774611     k_32_13_36                                                                         2.10608141E-05   8.65063885E-06   1.11311456E-05   8.65534730E-07   2.66081115E-05   1.03367365E-05   1.46132634E-05   1.04589162E-06
   96.0000000       0.00000000       1.11000001       10.5419998       23.2808590       3.29999995      0.204013988       16.3818855       1.34405427E-05   1.11110285E-05  0.826680064      -3.15461239E-06  -4.05792161E-06   1.18632361E-05   1.65951551E-05   1.18632397E-05   9.08215861E-06   1.51689501E-05   9.08197580E-06 -0.234708712     -0.365215659     k_32_13_37                                                                         1.99293954E-05   6.93313268E-06   9.09352639E-06   6.38103529E-07   2.48832584E-05   8.22456968E-06   1.17616901E-05   7.47697413E-07
   96.0000000       0.00000000       1.13999999       10.5419998       33.0387535       3.29999995      0.183677778       18.2924290       4.23429310E-06   3.54267127E-06  0.836661816      -5.70805867E-07  -9.93659341E-07   3.94889139E-06   4.80509925E-06   3.94888957E-06   3.04581727E-06   4.53633083E-06   3.04586547E-06 -0.134805471     -0.280483067     k_32_13_38                                                                         1.92814023E-05   5.61375964E-06   7.57572116E-06   4.71687372E-07   2.38617231E-05   6.63891706E-06   9.62995455E-06   5.33215371E-07
