 #! thr0[f,0]/ phr0[f,1]/ pr[f,2]/ ei[f,3]/ th_e[f,4]/ q2[f,5]/ x[f,6]/ plab[f,7]/ crs0[f,8]/ crs12[f,9]/  ratio[f,10]/ crs_ten0[f,11]/ crs_ten12[f,12]/  crs_pol0_-1[f,13]/ crs_pol0_0[f,14]/ crs_pol0_1[f,15]/ crs_pol12_-1[f,16]/ crs_pol12_0[f,17]/ crs_pol12_1[f,18]/ asym0[f,19]/ asym12[f,20]/ ID[s,21]/ w_l[f,22]/ w_t[f,23]/ w_lt[f,24]/ w_tt[f,25]/ w_l_pwia[f,26]/ w_t_pwia[f,27]/ w_lt_pwia[f,28]/ w_tt_pwia[f,29]/ 
   99.0000000       0.00000000       0.00000000       10.5419998       12.0028362       3.90000010      0.998562276       2.86908817       4692.10938       4588.66846      0.977954268      -3.55420932E-02  -17.3352776       4692.09131       4692.14502       4692.09131       4580.00049       4606.00293       4580.00098      -7.57486441E-06  -3.77784483E-03 k_33_19_0                                                                          20.6339684       169.242355      -1.08737200E-04  -3.05175781E-05   21.1091022       173.048325      -1.73472348E-18   0.00000000    
   99.0000000       0.00000000       2.99999993E-02   10.5419998       12.0145674       3.90000010      0.990728974       2.90367770       2300.29858       2228.69336      0.968871355       32.8336792       20.3205166       2316.71533       2267.46484       2316.71533       2238.85376       2208.37305       2238.85352       1.42736593E-02   9.11768153E-03 k_33_19_1                                                                          9.80207443       79.7176819       2.86557794       2.14195251E-02   10.1321850       82.3217468       2.91527820       2.17475891E-02
   99.0000000       0.00000000       5.99999987E-02   10.5419998       12.0293818       3.90000010      0.981044054       2.94715214       604.268188       569.853943      0.943048060       34.3845253       27.6485233       621.460327       569.883484       621.460327       583.678162       542.205444       583.678162       5.69027551E-02   4.85186130E-02 k_33_19_2                                                                          2.46565008       19.8207150       1.45101130       2.17227936E-02   2.62449026       21.0615273       1.49924111       2.22558975E-02
   99.0000000       0.00000000       9.00000036E-02   10.5419998       12.0473938       3.90000010      0.969567358       2.99971533       171.146317       154.921967      0.905201852       21.7598896       18.0062256       182.026276       149.386414       182.026276       163.925064       136.915726       163.925064      0.127142027      0.116227709     k_33_19_3                                                                         0.663592637       5.25018692      0.590974867       1.32443905E-02  0.738206327       5.83096266      0.626339555       1.38654709E-02
   99.0000000       0.00000000      0.119999997       10.5419998       12.0687380       3.90000010      0.956373215       3.06159830       57.1780853       49.0662155      0.858129740       12.7615747       10.5278044       63.5588684       44.4165001       63.5588684       54.3301163       38.5384102       54.3301163      0.223189965      0.214563206     k_33_19_4                                                                         0.208777383       1.62378788      0.250535518       7.46673346E-03  0.246705174       1.91109633      0.275611460       8.08089972E-03
   99.0000000       0.00000000      0.150000006       10.5419998       12.0935869       3.90000010      0.941542327       3.13309431       21.8711510       17.8923626      0.818080544       7.46767282       6.11650324       25.6049862       14.4034767       25.6049862       20.9505863       11.7758608       20.9506454      0.341439396      0.341849953     k_33_19_5                                                                          7.65951574E-02  0.580228567      0.114183947       4.22769785E-03   9.50980633E-02  0.719724417      0.130768254       4.75576520E-03
   99.0000000       0.00000000      0.180000007       10.5419998       12.1221237       3.90000010      0.925175309       3.21449399       9.27966976       7.23998117      0.780198157       4.41344404       3.56786180       11.4863920       4.86622620       11.4863920       9.02391148       3.67211962       9.02391338      0.475603580      0.492799878     k_33_19_6                                                                          3.13762203E-02  0.231464833       5.51245511E-02   2.43230909E-03   4.09726053E-02  0.301734179       6.63666502E-02   2.87115574E-03
   99.0000000       0.00000000      0.209999993       10.5419998       12.1545744       3.90000010      0.907373250       3.30617046       4.27702236       3.32699966      0.777877569       2.63292336       2.12570524       5.59348440       1.64409935       5.59348440       4.38984585       1.20129454       4.38985920      0.615597308      0.638925612     k_33_19_7                                                                          1.49977645E-02  0.106096238       2.87176464E-02   1.44299865E-03   1.93282682E-02  0.137909099       3.57319415E-02   1.78578496E-03
   99.0000000       0.00000000      0.239999995       10.5419998       12.1912031       3.90000010      0.888245225       3.40854692       2.11553431       1.65540421      0.782499373       1.58032024       1.26764643       2.90569496      0.535214067       2.90569425       2.28922725      0.387758046       2.28922796      0.747007608      0.765762508     k_33_19_8                                                                          7.79718440E-03   5.32516763E-02   1.57613531E-02   8.76426697E-04   9.86585859E-03   6.78905845E-02   2.03152653E-02   1.14759803E-03
   99.0000000       0.00000000      0.270000011       10.5419998       12.2323103       3.90000010      0.867907107       3.52209806       1.11549556      0.893346131      0.800851345      0.950688422      0.751093984       1.59083962      0.164807215       1.59083974       1.26889193      0.142252222       1.26889455      0.852256596      0.840764821     k_33_19_9                                                                          4.41778544E-03   2.92664841E-02   9.22508538E-03   5.60404733E-04   5.41479420E-03   3.57601419E-02   1.21749043E-02   7.64267519E-04
   99.0000000       0.00000000      0.300000012       10.5419998       12.2782660       3.90000010      0.846470356       3.64740777      0.624410212      0.523466349      0.838337243      0.571058691      0.444966763      0.909939706       5.33515699E-02  0.909939587      0.745948195       7.84996599E-02  0.745951235      0.914556921      0.850038886     k_33_19_10                                                                         2.75296438E-03   1.75863169E-02   5.80675714E-03   3.81760299E-04   3.18345916E-03   2.00720634E-02   7.68479425E-03   5.28726727E-04
   99.0000000       0.00000000      0.330000013       10.5419998       12.3294773       3.90000010      0.824055970       3.78509617      0.369430512      0.319570959      0.865036726      0.341094166      0.258828938      0.539977551       2.83363163E-02  0.539977551      0.448985100       6.07419759E-02  0.448985547      0.923297226      0.809926331     k_33_19_11                                                                         1.77525810E-03   1.09892916E-02   3.87587911E-03   2.74468679E-04   1.99702801E-03   1.19549362E-02   5.09892404E-03   3.80103476E-04
   99.0000000       0.00000000      0.360000014       10.5419998       12.3864355       3.90000010      0.800780416       3.93590045      0.229670942      0.203901574      0.887798727      0.201691076      0.146318212      0.330516487       2.79798768E-02  0.330516428      0.277060211       5.75833619E-02  0.277061164      0.878174126      0.717592359     k_33_19_12                                                                         1.20020914E-03   7.19323475E-03   2.71683931E-03   2.05977587E-04   1.32948509E-03   7.51256477E-03   3.54200043E-03   2.83275498E-04
   99.0000000       0.00000000      0.389999986       10.5419998       12.4497232       3.90000010      0.776755154       4.10068703      0.148880318      0.135949701      0.913147569      0.117423251       8.27508345E-02  0.207591951       3.14570591E-02  0.207591936      0.177324787       5.31988591E-02  0.177325457      0.788709044      0.608687162     k_33_19_13                                                                         8.48048658E-04   4.90921736E-03   2.02304521E-03   1.59550691E-04   9.32495808E-04   4.94374847E-03   2.55985721E-03   2.17749737E-04
   99.0000000       0.00000000      0.419999987       10.5419998       12.5200233       3.90000010      0.752090454       4.28043556       9.97708812E-02   9.11873579E-02  0.913967669       6.68375343E-02   4.41727750E-02  0.133189663       3.29333507E-02  0.133189633      0.113273315       4.70145792E-02  0.113274164      0.669910252      0.484417766     k_33_19_14                                                                         5.96547965E-04   3.38518480E-03   1.51602260E-03   1.29861059E-04   6.83517428E-04   3.37865623E-03   1.91058998E-03   1.71522493E-04
   99.0000000       0.00000000      0.449999988       10.5419998       12.5981483       3.90000010      0.726891994       4.47627783       6.85118511E-02   6.25163093E-02  0.912488997       3.67906913E-02   2.14262512E-02   8.69071931E-02   3.17211598E-02   8.69071931E-02   7.32292533E-02   4.10900600E-02   7.32296109E-02  0.536997497      0.342730582     k_33_19_15                                                                         4.31133987E-04   2.39911256E-03   1.16004993E-03   1.06732012E-04   5.19211695E-04   2.37765512E-03   1.46115886E-03   1.37467869E-04
   99.0000000       0.00000000      0.479999989       10.5419998       12.6850662       3.90000010      0.701260686       4.68951416       4.78400327E-02   4.34945896E-02  0.909167230       1.92414895E-02   8.11284501E-03   5.74607775E-02   2.85985433E-02   5.74607700E-02   4.75508347E-02   3.53817493E-02   4.75511923E-02  0.402204782      0.186525390     k_33_19_16                                                                         3.21267958E-04   1.72495237E-03   9.08775139E-04   8.86282069E-05   4.05773928E-04   1.71042490E-03   1.13725231E-03   1.11395959E-04
   99.0000000       0.00000000      0.509999990       10.5419998       12.7819443       3.90000010      0.675290465       4.92165422       3.37516367E-02   3.00679728E-02  0.890859723       9.22992453E-03   2.00968073E-03   3.83666046E-02   2.45217159E-02   3.83666046E-02   3.10726874E-02   2.80582942E-02   3.10729407E-02  0.273465991       6.68379217E-02 k_33_19_17                                                                         2.43340575E-04   1.23580452E-03   7.10043125E-04   7.20909447E-05   3.24310182E-04   1.25031162E-03   8.95804551E-04   9.07944050E-05
   99.0000000       0.00000000      0.540000021       10.5419998       12.8902063       3.90000010      0.649067104       5.17447042       2.39348859E-02   2.10844930E-02  0.880910516       3.71457217E-03  -6.68057764E-04   2.57921722E-02   2.02203114E-02   2.57921703E-02   2.07504183E-02   2.17525493E-02   2.07505114E-02  0.155194893      -3.16847898E-02 k_33_19_18                                                                         1.90026825E-04   9.05568828E-04   5.61114692E-04   5.90099662E-05   2.63817492E-04   9.24439228E-04   7.10989581E-04   7.41294934E-05
   99.0000000       0.00000000      0.569999993       10.5419998       13.0115728       3.90000010      0.622674823       5.44996881       1.69935450E-02   1.47297690E-02  0.866786122       8.36248219E-04  -1.67114602E-03   1.74116679E-02   1.61572956E-02   1.74116679E-02   1.38941808E-02   1.64009146E-02   1.38942068E-02   4.92097586E-02 -0.113453649     k_33_19_19                                                                         1.50908236E-04   6.64821826E-04   4.42974502E-04   4.80267045E-05   2.17655033E-04   6.89018751E-04   5.66792616E-04   6.04458037E-05
   99.0000000       0.00000000      0.600000024       10.5419998       13.1481905       3.90000010      0.596185625       5.75054693       1.20392628E-02   1.02256313E-02  0.849356949      -5.32471575E-04  -1.90741406E-03   1.17730275E-02   1.25717353E-02   1.17730275E-02   9.27190017E-03   1.21330442E-02   9.27194767E-03  -4.42279205E-02 -0.186532646     k_33_19_20                                                                         1.21864185E-04   4.87987010E-04   3.48828122E-04   3.87116452E-05   1.81589610E-04   5.16342698E-04   4.52684762E-04   4.91059327E-05
   99.0000000       0.00000000      0.629999995       10.5419998       13.3027201       3.90000010      0.569668770       6.07897234       8.48807022E-03   7.05564395E-03  0.831242383      -1.06710626E-03  -1.79143285E-03   7.95451831E-03   9.55517683E-03   7.95451831E-03   6.15992490E-03   8.84707645E-03   6.15993096E-03 -0.125718355     -0.253900677     k_33_19_21                                                                         1.00170990E-04   3.58459598E-04   2.74353079E-04   3.08934541E-05   1.52865381E-04   3.88320739E-04   3.61561019E-04   3.96757969E-05
   99.0000000       0.00000000      0.660000026       10.5419998       13.4785376       3.90000010      0.543185174       6.43851900       5.94985019E-03   4.83993115E-03  0.813454270      -1.16743601E-03  -1.52365048E-03   5.36613213E-03   7.11728586E-03   5.36613213E-03   4.07809531E-03   6.36358187E-03   4.07811673E-03 -0.196212679     -0.314808309     k_33_19_22                                                                         8.37130865E-05   2.63913185E-04   2.15609136E-04   2.45522751E-05   1.29798136E-04   2.93094316E-04   2.88795389E-04   3.18818056E-05
   99.0000000       0.00000000      0.689999998       10.5419998       13.6799717       3.90000010      0.516789973       6.83305025       4.13417397E-03   3.29657109E-03  0.797395349      -1.06170075E-03  -1.22151780E-03   3.60332360E-03   5.19587379E-03   3.60332360E-03   2.68580811E-03   4.51808842E-03   2.68581603E-03 -0.256810844     -0.370541930     k_33_19_23                                                                         7.10882159E-05   1.94798355E-04   1.69350096E-04   1.92687585E-05   1.10912661E-04   2.21607770E-04   2.30246485E-04   2.54290935E-05
   99.0000000       0.00000000      0.720000029       10.5419998       13.9126730       3.90000010      0.490532160       7.26717091       2.84398673E-03   2.22725980E-03  0.783147037      -8.77272047E-04  -9.28713358E-04   2.40535080E-03   3.72125884E-03   2.40535103E-03   1.76290085E-03   3.15597281E-03   1.76290574E-03 -0.308465600     -0.416975766     k_33_19_24                                                                         6.12802178E-05   1.44064164E-04   1.32952322E-04   1.51294225E-05   9.53505441E-05   1.67874095E-04   1.83237164E-04   2.01306175E-05
   99.0000000       0.00000000      0.750000000       10.5419998       14.1841469       3.90000010      0.464455634       7.74637985       1.93249073E-03   1.49361684E-03  0.772897303      -6.80385681E-04  -6.89914450E-04   1.59229769E-03   2.61287601E-03   1.59229769E-03   1.14865846E-03   2.18353164E-03   1.14866090E-03 -0.352077067     -0.461908579     k_33_19_25                                                                         5.33981656E-05   1.07210537E-04   1.04494597E-04   1.17826530E-05   8.23798036E-05   1.27322739E-04   1.45449594E-04   1.58016119E-05
   99.0000000       0.00000000      0.779999971       10.5419998       14.5046310       3.90000010      0.438598245       8.27732944       1.29606051E-03   9.91638517E-04  0.765117466      -5.02886251E-04  -4.95098589E-04   1.04461738E-03   1.79894653E-03   1.04461738E-03   7.44088611E-04   1.48673705E-03   7.44089717E-04 -0.388011396     -0.499273241     k_33_19_26                                                                         4.70841296E-05   8.01736169E-05   8.22050788E-05   9.11382085E-06   7.15903370E-05   9.68018139E-05   1.15287337E-04   1.23095233E-05
   99.0000000       0.00000000      0.810000002       10.5419998       14.8884258       3.90000010      0.412993431       8.86809826       8.54511396E-04   6.50006987E-04  0.760676801      -3.56418954E-04  -3.43810447E-04   6.76301948E-04   1.21093029E-03   6.76301832E-04   4.78103320E-04   9.93817346E-04   4.78100061E-04 -0.417102635     -0.528933465     k_33_19_27                                                                         4.18428790E-05   6.02582404E-05   6.46816261E-05   7.01990575E-06   6.24668392E-05   7.36649963E-05   9.11032403E-05   9.49824971E-06
   99.0000000       0.00000000      0.839999974       10.5419998       15.3562346       3.90000010      0.387669712       9.52862358       5.53174934E-04   4.20279917E-04  0.759759486      -2.42896684E-04  -2.30997743E-04   4.31726512E-04   7.96071603E-04   4.31726512E-04   3.04783229E-04   6.51277660E-04   3.04778921E-04 -0.439095616     -0.549628317     k_33_19_28                                                                         3.75131676E-05   4.56281996E-05   5.10497848E-05   5.37390588E-06   5.48263706E-05   5.62200548E-05   7.19128802E-05   7.27038059E-06
   99.0000000       0.00000000      0.870000005       10.5419998       15.9392042       3.90000010      0.362651765       10.2712355       3.50053451E-04   2.66740855E-04  0.762000382      -1.59021423E-04  -1.49846877E-04   2.70542747E-04   5.09074889E-04   2.70542747E-04   1.91817904E-04   4.16587805E-04   1.91816987E-04 -0.454277545     -0.561769485     k_33_19_29                                                                         3.38868958E-05   3.47673631E-05   4.03933082E-05   4.11223118E-06   4.83935728E-05   4.30225591E-05   5.66935378E-05   5.51664925E-06
   99.0000000       0.00000000      0.899999976       10.5419998       16.6867294       3.90000010      0.337960601       11.1114149       2.15173379E-04   1.65499659E-04  0.769145608      -9.94636503E-05  -9.45600405E-05   1.65441525E-04   3.14637000E-04   1.65441525E-04   1.18220189E-04   2.60059693E-04   1.18219148E-04 -0.462248862     -0.571360946     k_33_19_30                                                                         3.08088202E-05   2.67585128E-05   3.20677827E-05   3.12400789E-06   4.29482388E-05   3.29993636E-05   4.46264894E-05   4.14551414E-06
   99.0000000       0.00000000      0.930000007       10.5419998       17.6825600       3.90000010      0.313613236       12.0688953       1.27557476E-04   9.92579517E-05  0.778142929      -5.89627161E-05  -5.69504045E-05   9.80761251E-05   1.86520192E-04   9.80761251E-05   7.07828367E-05   1.56208349E-04   7.07826330E-05 -0.462244302     -0.573761642     k_33_19_31                                                                         2.81974862E-05   2.07141657E-05   2.55259420E-05   2.36043888E-06   3.84002051E-05   2.54110018E-05   3.51386807E-05   3.08808376E-06
   99.0000000       0.00000000      0.959999979       10.5419998       19.0822620       3.90000010      0.289624214       13.1691666       7.19421150E-05   5.67369316E-05  0.788646996      -3.26119662E-05  -3.20717154E-05   5.56361265E-05   1.04554085E-04   5.56361265E-05   4.07009102E-05   8.88086433E-05   4.07012449E-05 -0.453308403     -0.565270543     k_33_19_32                                                                         2.60449597E-05   1.61225325E-05   2.03855197E-05   1.77462016E-06   3.46319175E-05   1.96553228E-05   2.77020099E-05   2.27996588E-06
   99.0000000       0.00000000      0.990000010       10.5419998       21.2162704       3.90000010      0.266004801       14.4457941       3.77446595E-05   3.02824392E-05  0.802297294      -1.64153989E-05  -1.64930807E-05   2.95369591E-05   5.41600566E-05   2.95369573E-05   2.20358270E-05   4.67755235E-05   2.20359652E-05 -0.434906542     -0.544641733     k_33_19_33                                                                         2.43286140E-05   1.26898367E-05   1.64236153E-05   1.33041340E-06   3.16333280E-05   1.53182827E-05   2.19457525E-05   1.67212238E-06
   99.0000000       0.00000000       1.01999998       10.5419998       24.9560604       3.90000010      0.242764115       15.9438267       1.74158631E-05   1.41975333E-05  0.815207005      -7.04571039E-06  -7.33093930E-06   1.38930091E-05   2.44615749E-05   1.38930100E-05   1.05320423E-05   2.15284745E-05   1.05320851E-05 -0.404557049     -0.516353011     k_33_19_34                                                                         2.29588804E-05   1.00482266E-05   1.32475025E-05   9.87303338E-07   2.92913082E-05   1.20223267E-05   1.74758607E-05   1.21634957E-06
   99.0000000       0.00000000       1.04999995       10.5419998       33.8481483       3.90000010      0.219909176       17.7251568       5.96792324E-06   4.93734933E-06  0.827314496      -2.15682007E-06  -2.36946994E-06   4.88951446E-06   8.12474445E-06   4.88951309E-06   3.75263926E-06   7.30681950E-06   3.75258969E-06 -0.361402124     -0.479907304     k_33_19_35                                                                         2.20320708E-05   8.02084833E-06   1.07966680E-05   7.28449095E-07   2.76665942E-05   9.54210736E-06   1.40640068E-05   8.80257630E-07
