 #! thr0[f,0]/ phr0[f,1]/ pr[f,2]/ ei[f,3]/ th_e[f,4]/ q2[f,5]/ x[f,6]/ plab[f,7]/ crs0[f,8]/ crs12[f,9]/  ratio[f,10]/ crs_ten0[f,11]/ crs_ten12[f,12]/  crs_pol0_-1[f,13]/ crs_pol0_0[f,14]/ crs_pol0_1[f,15]/ crs_pol12_-1[f,16]/ crs_pol12_0[f,17]/ crs_pol12_1[f,18]/ asym0[f,19]/ asym12[f,20]/ ID[s,21]/ w_l[f,22]/ w_t[f,23]/ w_lt[f,24]/ w_tt[f,25]/ w_l_pwia[f,26]/ w_t_pwia[f,27]/ w_lt_pwia[f,28]/ w_tt_pwia[f,29]/ 
   99.0000000       0.00000000       0.00000000       10.5419998       18.7782745       7.40000010      0.998773456       4.79463720       185.568802       181.303329      0.977014065      -1.37466961E-03 -0.682436943       185.568130       185.570206       185.568130       180.962097       181.985764       180.962097      -7.40787027E-06  -3.76406172E-03 k_33_54_0                                                                          3.16607332       33.4970245       1.74965986E-04  -9.53674316E-06   3.24199772       34.2844849       2.16840434E-19   0.00000000    
   99.0000000       0.00000000       2.99999993E-02   10.5419998       18.8172951       7.40000010      0.991971612       4.84977055       89.7421799       86.9958191      0.969397187       1.28095353      0.805488408       90.3826447       88.4612198       90.3826675       87.3985596       86.1903381       87.3985672       1.42737068E-02   9.25893243E-03 k_33_54_1                                                                          1.50878227       15.8039188      0.540276885       2.75325775E-03   1.55842555       16.3096275      0.549520195       2.78472900E-03
   99.0000000       0.00000000       5.99999987E-02   10.5419998       18.8658943       7.40000010      0.983685791       4.91793156       23.2557697       21.9534874      0.944001734       1.32331669       1.06852877       23.9174252       21.9324512       23.9174252       22.4877491       20.8849583       22.4877529       5.69027252E-02   4.86723930E-02 k_33_54_2                                                                         0.380883038       3.93247080      0.274172068       2.77602673E-03  0.404647738       4.17282963      0.282775849       2.84862518E-03
   99.0000000       0.00000000       9.00000036E-02   10.5419998       18.9243526       7.40000010      0.973983169       4.99917746       6.49752426       5.82185411      0.896011114      0.826108456      0.675267637       6.91057825       5.67141676       6.91057873       6.15948677       5.14658546       6.15948772      0.127142042      0.115988418     k_33_54_3                                                                         0.101757877       1.03032196      0.111034647       1.69062614E-03  0.114210233       1.15529013      0.118215449       1.77484751E-03
   99.0000000       0.00000000      0.119999997       10.5419998       18.9933281       7.40000010      0.962889075       5.09402609       2.14107943       1.83872879      0.858785868      0.477867544      0.392142236       2.38001299       1.66321218       2.38001347       2.03479958       1.44658673       2.03480029      0.223190010      0.213268116     k_33_54_4                                                                          3.27281840E-02  0.322553217       4.74428572E-02   9.56848264E-04   3.83405350E-02  0.378654957       5.20572998E-02   1.03439391E-03
   99.0000000       0.00000000      0.150000006       10.5419998       19.0735760       7.40000010      0.950441837       5.20300722      0.807593942      0.655263782      0.811377764      0.275744349      0.222734094      0.945466161      0.531849623      0.945466220      0.766630590      0.432529718      0.766631007      0.341439337      0.339915156     k_33_54_5                                                                          1.20225633E-02  0.114207104       2.15862207E-02   5.42305410E-04   1.48622347E-02  0.142605245       2.47189011E-02   6.08719885E-04
   99.0000000       0.00000000      0.180000007       10.5419998       19.1659050       7.40000010      0.936697781       5.32662058      0.337768644      0.259394169      0.767964005      0.160644010      0.127233207      0.418090641      0.177124679      0.418090701      0.323010653      0.132160947      0.323010892      0.475603670      0.490501404     k_33_54_6                                                                          4.94084973E-03   4.51672561E-02   1.04060154E-02   3.09824944E-04   6.44675596E-03   5.97852618E-02   1.25555005E-02   3.67501751E-04
   99.0000000       0.00000000      0.209999993       10.5419998       19.2713146       7.40000010      0.921714604       5.46547556      0.153387740      0.108125597      0.704916835       9.44250673E-02   7.14740083E-02  0.200600237       5.89626804E-02  0.200600266      0.143862516       3.66515890E-02  0.143862695      0.615597248      0.661027610     k_33_54_7                                                                          2.18055071E-03   1.88181121E-02   5.21552982E-03   1.79518014E-04   3.06550972E-03   2.73243804E-02   6.76560029E-03   2.28574499E-04
   99.0000000       0.00000000      0.239999995       10.5419998       19.3910065       7.40000010      0.905552328       5.62029076       7.47087523E-02   5.51529564E-02  0.738239586       5.58080114E-02   4.25702818E-02  0.102612771       1.89007521E-02  0.102612771       7.64380097E-02   1.25826774E-02   7.64381886E-02  0.747007668      0.771858573     k_33_54_8                                                                          1.19058660E-03   9.85066500E-03   2.91283708E-03   1.11135654E-04   1.57922518E-03   1.34504028E-02   3.84979229E-03   1.46889593E-04
   99.0000000       0.00000000      0.270000011       10.5419998       19.5263729       7.40000010      0.888280690       5.79182386       3.87615375E-02   2.93737631E-02  0.757806957       3.30347717E-02   2.47876365E-02   5.52789234E-02   5.72676491E-03   5.52789234E-02   4.17675488E-02   4.58612619E-03   4.17676046E-02  0.852256477      0.843869984     k_33_54_9                                                                          6.83974242E-04   5.40345628E-03   1.70781638E-03   6.63190149E-05   8.75847298E-04   7.08379503E-03   2.30905507E-03   9.78244934E-05
   99.0000000       0.00000000      0.300000012       10.5419998       19.6791515       7.40000010      0.869963050       5.98103666       2.13301703E-02   1.64724048E-02  0.772258461       1.95076540E-02   1.40639767E-02   3.10839973E-02   1.82251667E-03   3.10839973E-02   2.35043820E-02   2.40842788E-03   2.35044062E-02  0.914556861      0.853790104     k_33_54_10                                                                         4.13826347E-04   3.13843437E-03   1.04824617E-03   4.69691586E-05   5.20957343E-04   3.97524564E-03   1.45858945E-03   6.76764175E-05
   99.0000000       0.00000000      0.330000013       10.5419998       19.8513699       7.40000010      0.850672841       6.18894053       1.23931812E-02   9.94842779E-03  0.802734017       1.14425896E-02   7.82623701E-03   1.81144755E-02   9.50590649E-04   1.81144774E-02   1.38615249E-02   2.12219148E-03   1.38615696E-02  0.923297226      0.786680758     k_33_54_11                                                                         2.59841094E-04   1.98691338E-03   6.84974715E-04   3.33663775E-05   3.31000832E-04   2.36690743E-03   9.68456210E-04   4.86524077E-05
   99.0000000       0.00000000      0.360000014       10.5419998       20.0454750       7.40000010      0.830483973       6.41669464       7.55668944E-03   6.00345107E-03  0.794455171       6.63608871E-03   3.93682625E-03   1.08747361E-02   9.20600723E-04   1.08747352E-02   7.97186140E-03   2.06662528E-03   7.97186699E-03  0.878174067      0.655760527     k_33_54_12                                                                         1.71817475E-04   1.24257407E-03   4.68593586E-04   2.44686962E-05   2.23407274E-04   1.48671935E-03   6.73139119E-04   3.62585415E-05
   99.0000000       0.00000000      0.389999986       10.5419998       20.2645073       7.40000010      0.809465408       6.66568470       4.79721650E-03   3.93987633E-03  0.821283817       3.78360762E-03   1.98366120E-03   6.68901904E-03   1.01360830E-03   6.68901997E-03   4.93170228E-03   1.95621513E-03   4.93171066E-03  0.788708985      0.503483117     k_33_54_13                                                                         1.24884042E-04   8.47400283E-04   3.51387047E-04   1.95133325E-05   1.58993149E-04   9.77780670E-04   4.86710574E-04   2.78713997E-05
   99.0000000       0.00000000      0.419999987       10.5419998       20.5121384       7.40000010      0.787691593       6.93742752       3.14281182E-03   2.70477403E-03  0.860622346       2.10540160E-03   9.91502544E-04   4.19551274E-03   1.03741023E-03   4.19551274E-03   3.20053287E-03   1.71327207E-03   3.20051890E-03  0.669910192      0.366575003     k_33_54_14                                                                         9.24484120E-05   6.11613505E-04   2.73137382E-04   1.60217460E-05   1.18317119E-04   6.67722081E-04   3.63369443E-04   2.19545036E-05
   99.0000000       0.00000000      0.449999988       10.5419998       20.7929630       7.40000010      0.765232861       7.23370457       2.10545375E-03   1.87121320E-03  0.888745785       1.13062374E-03   4.44879668E-04   2.67076562E-03   9.74830065E-04   2.67076562E-03   2.09364993E-03   1.42633368E-03   2.09365669E-03  0.536997676      0.237749323     k_33_54_15                                                                         7.04426056E-05   4.47833445E-04   2.14065090E-04   1.32536807E-05   9.12735777E-05   4.69441555E-04   2.77920015E-04   1.75956229E-05
   99.0000000       0.00000000      0.479999989       10.5419998       21.1127205       7.40000010      0.742159307       7.55653715       1.43078796E-03   1.29401230E-03  0.904405355       5.75469632E-04   1.61008691E-04   1.71852263E-03   8.55318212E-04   1.71852263E-03   1.37451582E-03   1.13300362E-03   1.37451745E-03  0.402204692      0.124425933     k_33_54_16                                                                         5.41644986E-05   3.29246977E-04   1.69473555E-04   1.10639521E-05   7.24432466E-05   3.37301259E-04   2.16281842E-04   1.42584904E-05
   99.0000000       0.00000000      0.509999990       10.5419998       21.4787331       7.40000010      0.718537807       7.90827656       9.79542383E-04   8.88804614E-04  0.907367170       2.67871539E-04   2.11254992E-05   1.11347809E-03   7.11670786E-04   1.11347809E-03   8.99365987E-04   8.67679075E-04   8.99368664E-04  0.273465991       2.37684399E-02 k_33_54_17                                                                         4.23229867E-05   2.41853355E-04   1.34368616E-04   9.17125726E-06   5.87853574E-05   2.46208569E-04   1.70294996E-04   1.16215379E-05
   99.0000000       0.00000000      0.540000021       10.5419998       21.9004478       7.40000010      0.694432914       8.29163647       6.71735092E-04   6.04907284E-04  0.900514662       1.04249957E-04  -3.94438575E-05   7.23860110E-04   5.67485113E-04   7.23859936E-04   5.85184724E-04   6.44351065E-04   5.85185888E-04  0.155195042      -6.52064532E-02 k_33_54_18                                                                         3.35723598E-05   1.77486450E-04   1.06217740E-04   7.52049527E-06   4.85248493E-05   1.81723401E-04   1.35065828E-04   9.48838715E-06
   99.0000000       0.00000000      0.569999993       10.5419998       22.3902569       7.40000010      0.669908226       8.70972919       4.59275441E-04   4.07774118E-04  0.887863994       2.26008633E-05  -5.89658921E-05   4.70575935E-04   4.36674658E-04   4.70575935E-04   3.78289929E-04   4.66740021E-04   3.78292403E-04   4.92098220E-02 -0.144604310     k_33_54_19                                                                         2.71481003E-05   1.30155648E-04   8.38634878E-05   6.13275188E-06   4.05902865E-05   1.35169073E-04   1.07560394E-04   7.73690408E-06
   99.0000000       0.00000000      0.600000024       10.5419998       22.9648361       7.40000010      0.645021915       9.16622353       3.11741140E-04   2.71663419E-04  0.871439099      -1.37876914E-05  -5.89489282E-05   3.04847286E-04   3.25528817E-04   3.04847286E-04   2.42189242E-04   3.30612354E-04   2.42188689E-04  -4.42280136E-02 -0.216992512     k_33_54_20                                                                         2.22754625E-05   9.54458665E-05   6.59374055E-05   4.93954940E-06   3.42988315E-05   1.01054538E-04   8.57842824E-05   6.28548150E-06
   99.0000000       0.00000000      0.629999995       10.5419998       23.6471291       7.40000010      0.619829714       9.66539574       2.09245452E-04   1.78455448E-04  0.852852225      -2.63059810E-05  -5.06315992E-05   1.96092442E-04   2.35551415E-04   1.96092442E-04   1.53140005E-04   2.29087032E-04   1.53139292E-04 -0.125718296     -0.283721238     k_33_54_21                                                                         1.85884692E-05   6.99332886E-05   5.16622204E-05   3.92785660E-06   2.92072546E-05   7.57929229E-05   6.83906619E-05   5.07843652E-06
   99.0000000       0.00000000      0.660000026       10.5419998       24.4696426       7.40000010      0.594385147       10.2122450       1.38523610E-04   1.15551004E-04  0.834161103      -2.71800927E-05  -3.95381903E-05   1.24933547E-04   1.65703721E-04   1.24933547E-04   9.57817392E-05   1.55089190E-04   9.57820812E-05 -0.196212709     -0.342170894     k_33_54_22                                                                         1.57702998E-05   5.13031482E-05   4.04426028E-05   3.09773714E-06   2.50514404E-05   5.70296761E-05   5.45009643E-05   4.08079904E-06
   99.0000000       0.00000000      0.689999998       10.5419998       25.4802437       7.40000010      0.568737388       10.8126984       8.99669030E-05   7.34387140E-05  0.816285908      -2.31044633E-05  -2.93305111E-05   7.84146687E-05   1.13071372E-04   7.84146687E-05   5.87733011E-05   1.02769220E-04   5.87736213E-05 -0.256810695     -0.399387598     k_33_54_23                                                                         1.35234131E-05   3.76717871E-05   3.15537545E-05   2.44470721E-06   2.15914824E-05   4.29706597E-05   4.33300338E-05   3.25488145E-06
   99.0000000       0.00000000      0.720000029       10.5419998       26.7527084       7.40000010      0.542932034       11.4738064       5.70556585E-05   4.55801674E-05  0.798871994      -1.75997084E-05  -2.04707158E-05   4.82558062E-05   7.46553633E-05   4.82557989E-05   3.53448122E-05   6.60508667E-05   3.53448013E-05 -0.308465600     -0.449114531     k_33_54_24                                                                         1.17380823E-05   2.76683495E-05   2.45707342E-05   1.90354604E-06   1.86933394E-05   3.24260982E-05   3.43675711E-05   2.57667944E-06
   99.0000000       0.00000000      0.750000000       10.5419998       28.4076672       7.40000010      0.517011821       12.2040005       3.50636874E-05   2.75224975E-05  0.784928799      -1.23451237E-05  -1.35955333E-05   2.88911269E-05   4.74088156E-05   2.88911306E-05   2.07247285E-05   4.11180336E-05   2.07247376E-05 -0.352077156     -0.493978918     k_33_54_25                                                                         1.02888998E-05   2.04091411E-05   1.91227700E-05   1.46333241E-06   1.62394444E-05   2.44893017E-05   2.71722238E-05   2.02257434E-06
   99.0000000       0.00000000      0.779999971       10.5419998       30.6587524       7.40000010      0.491016030       13.0134516       2.06821387E-05   1.60320269E-05  0.775162935      -8.02490831E-06  -8.52635367E-06   1.66696864E-05   2.87070470E-05   1.66696846E-05   1.17688514E-05   2.45583815E-05   1.17688505E-05 -0.388011545     -0.531832516     k_33_54_26                                                                         9.10198196E-06   1.51438398E-05   1.49111629E-05   1.13606666E-06   1.41684450E-05   1.85332738E-05   2.14379361E-05   1.57559771E-06
   99.0000000       0.00000000      0.810000002       10.5419998       33.9293594       7.40000010      0.464981496       13.9145164       1.14765053E-05   8.82479708E-06  0.768944621      -4.78687980E-06  -4.96846133E-06   9.08306538E-06   1.62633842E-05   9.08306356E-06   6.34051230E-06   1.37932584E-05   6.34062008E-06 -0.417102575     -0.563011408     k_33_54_27                                                                         8.10016445E-06   1.12873086E-05   1.16192432E-05   8.70581061E-07   1.23932468E-05   1.40337816E-05   1.68502374E-05   1.21576022E-06
   99.0000000       0.00000000      0.839999974       10.5419998       39.2180595       7.40000010      0.438941330       14.9223862       5.78549043E-06   4.43942281E-06  0.767337322      -2.54038400E-06  -2.60341358E-06   4.51529877E-06   8.32587375E-06   4.51529877E-06   3.13771625E-06   7.04283684E-06   3.13771557E-06 -0.439095706     -0.586430669     k_33_54_28                                                                         7.25935297E-06   8.47720730E-06   9.07454341E-06   6.64918844E-07   1.08885943E-05   1.06539210E-05   1.32190089E-05   9.30591341E-07
   99.0000000       0.00000000      0.870000005       10.5419998       49.7418823       7.40000010      0.412925243       16.0559502       2.41054772E-06   1.85434078E-06  0.769261181      -1.09505788E-06  -1.11005522E-06   1.86301850E-06   3.50560526E-06   1.86301850E-06   1.29931539E-06   2.96439612E-06   1.29931141E-06 -0.454277635     -0.598625243     k_33_54_29                                                                         6.54615314E-06   6.40033886E-06   7.09271444E-06   5.05212711E-07   9.60797661E-06   8.10769234E-06   1.03480452E-05   7.06117362E-07
   99.0000000       0.00000000      0.899999976       10.5419998       89.9387436       7.40000010      0.386961699       17.3388538       5.34970241E-07   4.15918947E-07  0.777461827      -2.47289421E-07  -2.50472112E-07   4.11325459E-07   7.82259519E-07   4.11325487E-07   2.90684426E-07   6.66391031E-07   2.90681328E-07 -0.462248921     -0.602213740     k_33_54_30                                                                         5.93567938E-06   4.86007957E-06   5.54297321E-06   3.80963684E-07   8.51353707E-06   6.18286504E-06   8.08017739E-06   5.30619673E-07
