 #! thr0[f,0]/ phr0[f,1]/ pr[f,2]/ ei[f,3]/ th_e[f,4]/ q2[f,5]/ x[f,6]/ plab[f,7]/ crs0[f,8]/ crs12[f,9]/  ratio[f,10]/ crs_ten0[f,11]/ crs_ten12[f,12]/  crs_pol0_-1[f,13]/ crs_pol0_0[f,14]/ crs_pol0_1[f,15]/ crs_pol12_-1[f,16]/ crs_pol12_0[f,17]/ crs_pol12_1[f,18]/ asym0[f,19]/ asym12[f,20]/ ID[s,21]/ w_l[f,22]/ w_t[f,23]/ w_lt[f,24]/ w_tt[f,25]/ w_l_pwia[f,26]/ w_t_pwia[f,27]/ w_lt_pwia[f,28]/ w_tt_pwia[f,29]/ 
   99.0000000       0.00000000       0.00000000       10.5419998       15.4299421       5.69999981      0.998703241       3.86655378       735.016296       718.923218      0.978105128      -5.51335327E-03  -2.66878319       735.013611       735.021912       735.013611       717.588867       721.591980       717.588867      -7.50099480E-06  -3.71219497E-03 k_33_37_0                                                                          6.85794258       66.1878662       2.17198576E-05  -1.90734863E-05   7.01534081       67.6667862       4.33680869E-19   0.00000000    
   99.0000000       0.00000000       2.99999993E-02   10.5419998       15.4527187       5.69999981      0.991543949       3.91171169       357.685913       347.076416      0.970338523       5.10551214       3.22773552       360.238708       352.580414       360.238678       348.690277       343.848663       348.690216       1.42737301E-02   9.29978304E-03 k_33_37_1                                                                          3.26641464       31.2207489       1.08514047       6.57844543E-03   3.37035894       32.1900482       1.10296082       6.61468506E-03
   99.0000000       0.00000000       5.99999987E-02   10.5419998       15.4811840       5.69999981      0.982782364       3.96783233       93.2796402       87.7601471      0.940828562       5.30786800       4.27896404       95.9335632       87.9717560       95.9335632       89.8996429       83.4811859       89.8996506       5.69027513E-02   4.87574860E-02 k_33_37_2                                                                         0.818067789       7.73473644      0.548345685       6.61301613E-03  0.874309182       8.23571682      0.567437947       6.77394867E-03
   99.0000000       0.00000000       9.00000036E-02   10.5419998       15.5155296       5.69999981      0.972476900       4.03508043       26.2301369       23.6729794      0.902510703       3.33495164       2.74874735       27.8976154       22.8951874       27.8976154       25.0473404       20.9242287       25.0473557      0.127141982      0.116113283     k_33_37_3                                                                         0.221034020       2.04783010      0.223515511       4.02343273E-03  0.246442407       2.28010178      0.237159491       4.21977043E-03
   99.0000000       0.00000000      0.119999997       10.5419998       15.5560894       5.69999981      0.960667193       4.11384583       8.70058537       7.45547390      0.856893361       1.94188321       1.59604585       9.67152786       6.75870275       9.67152882       8.25349712       5.85942888       8.25349903      0.223189950      0.214077055     k_33_37_4                                                                          7.00709894E-02  0.634496510       9.49724689E-02   2.27552652E-03   8.25867429E-02  0.747305393      0.104406819       2.45940685E-03
   99.0000000       0.00000000      0.150000006       10.5419998       15.6032171       5.69999981      0.947411180       4.20450544       3.30418658       2.68765521      0.813409030       1.12817955      0.916458845       3.86827683       2.17600703       3.86827588       3.14588428       1.77119660       3.14588523      0.341439426      0.340988249     k_33_37_5                                                                          2.57204100E-02  0.225737303       4.32498157E-02   1.28731132E-03   3.19443233E-02  0.281435281       4.95618917E-02   1.44746900E-03
   99.0000000       0.00000000      0.180000007       10.5419998       15.6573362       5.69999981      0.932773113       4.30749655       1.39174902       1.07683909      0.773730814      0.661920965      0.529974520       1.72270977      0.729828238       1.72270977       1.34182572      0.546864629       1.34182692      0.475603700      0.492157578     k_33_37_6                                                                          1.05659226E-02   8.97586793E-02   2.08930206E-02   7.35085458E-04   1.38201714E-02  0.117985025       2.51662824E-02   8.73833895E-04
   99.0000000       0.00000000      0.209999993       10.5419998       15.7189484       5.69999981      0.916824877       4.42331743      0.636710584      0.472333461      0.741833866      0.391957283      0.305989116      0.832689047      0.244753286      0.832689106      0.625327587      0.166344374      0.625328541      0.615597248      0.647824347     k_33_37_7                                                                          4.90996195E-03   3.92469130E-02   1.07003432E-02   4.35244292E-04   6.55138725E-03   5.39231524E-02   1.35567281E-02   5.43499365E-04
   99.0000000       0.00000000      0.239999995       10.5419998       15.7886276       5.69999981      0.899644911       4.55252409      0.312538207      0.235732540      0.754251897      0.233468458      0.181382492      0.429272503       7.90698081E-02  0.429272473      0.326423556       5.43500409E-02  0.326424003      0.747007728      0.769441903     k_33_37_8                                                                          2.57953187E-03   1.99090913E-02   5.89500414E-03   2.65778042E-04   3.36301583E-03   2.65433900E-02   7.71168293E-03   3.49279493E-04
   99.0000000       0.00000000      0.270000011       10.5419998       15.8670645       5.69999981      0.881314993       4.69575930      0.163498953      0.127175882      0.777839124      0.139343023      0.106556073      0.233170465       2.41559055E-02  0.233170435      0.180453837       2.06198096E-02  0.180454001      0.852256358      0.837863863     k_33_37_9                                                                          1.48301665E-03   1.10125542E-02   3.45154339E-03   1.71067659E-04   1.85765431E-03   1.39794899E-02   4.62396862E-03   2.32608989E-04
   99.0000000       0.00000000      0.300000012       10.5419998       15.9550791       5.69999981      0.861916125       4.85378742       9.07672495E-02   7.22116753E-02  0.795569718       8.30118209E-02   6.14810400E-02  0.132273167       7.75543926E-03  0.132273167      0.102952145       1.07306316E-02  0.102952264      0.914556980      0.851400256     k_33_37_10                                                                         9.02269443E-04   6.42484846E-03   2.14194949E-03   1.14026479E-04   1.10001257E-03   7.84516986E-03   2.92004389E-03   1.60919502E-04
   99.0000000       0.00000000      0.330000013       10.5419998       16.0536327       5.69999981      0.841536224       5.02744293       5.32376841E-02   4.48337868E-02  0.842143834       4.91542146E-02   3.59152146E-02   7.78147951E-02   4.08347463E-03   7.78147951E-02   6.27912581E-02   8.91857315E-03   6.27915412E-02  0.923297405      0.801074743     k_33_37_11                                                                         6.01152482E-04   4.12244909E-03   1.44995446E-03   8.26243777E-05   6.95513969E-04   4.67137108E-03   1.93831150E-03   1.15685631E-04
   99.0000000       0.00000000      0.360000014       10.5419998       16.1638641       5.69999981      0.820261717       5.21769524       3.27940993E-02   2.83493940E-02  0.864466310       2.87989285E-02   1.97949447E-02   4.71935607E-02   3.99517082E-03   4.71935570E-02   3.82468365E-02   8.55445210E-03   3.82469036E-02  0.878174067      0.698249280     k_33_37_12                                                                         3.94399540E-04   2.71524442E-03   1.00011996E-03   6.10511051E-05   4.66986356E-04   2.93449592E-03   1.34695543E-03   8.62154411E-05
   99.0000000       0.00000000      0.389999986       10.5419998       16.2871399       5.69999981      0.798179030       5.42565346       2.10506432E-02   1.83614902E-02  0.872253180       1.66028347E-02   1.02702528E-02   2.93520577E-02   4.44781082E-03   2.93520615E-02   2.34965701E-02   8.09123367E-03   2.34966576E-02  0.788709164      0.559336543     k_33_37_13                                                                         2.70827819E-04   1.82424043E-03   7.21216958E-04   4.77143913E-05   3.30519513E-04   1.93020864E-03   9.73741175E-04   6.62720413E-05
   99.0000000       0.00000000      0.419999987       10.5419998       16.4250965       5.69999981      0.775374353       5.65257978       1.39591815E-02   1.21879745E-02  0.873115242       9.35139693E-03   4.98005748E-03   1.86348781E-02   4.60778316E-03   1.86348762E-02   1.46779940E-02   7.20791752E-03   1.46780116E-02  0.669910133      0.408604205     k_33_37_14                                                                         1.93567656E-04   1.24801300E-03   5.47786010E-04   3.84174054E-05   2.44568917E-04   1.31838303E-03   7.26898958E-04   5.22035989E-05
   99.0000000       0.00000000      0.449999988       10.5419998       16.5797291       5.69999981      0.751928151       5.89996386       9.47717577E-03   8.38829670E-03  0.885105133       5.08922013E-03   2.12378707E-03   1.20217856E-02   4.38795518E-03   1.20217856E-02   9.45016928E-03   6.26450963E-03   9.45021119E-03  0.536997557      0.253184557     k_33_37_15                                                                         1.46803301E-04   8.90494091E-04   4.29661683E-04   3.16791993E-05   1.87584825E-04   9.27116722E-04   5.55939798E-04   4.18386480E-05
   99.0000000       0.00000000      0.479999989       10.5419998       16.7534523       5.69999981      0.727923334       6.16946030       6.53626258E-03   5.86020434E-03  0.896568060       2.62891618E-03   8.04645533E-04   7.85071962E-03   3.90734710E-03   7.85072241E-03   6.26251940E-03   5.05555980E-03   6.26253616E-03  0.402204812      0.137306735     k_33_37_16                                                                         1.12263828E-04   6.52186340E-04   3.39491206E-04   2.62732210E-05   1.48034465E-04   6.66360487E-04   4.32661705E-04   3.39035469E-05
   99.0000000       0.00000000      0.509999990       10.5419998       16.9492378       5.69999981      0.703437150       6.46300888       4.54935292E-03   4.08616150E-03  0.898185194       1.24409329E-03   1.47613362E-04   5.17139956E-03   3.30525916E-03   5.17139863E-03   4.15996183E-03   3.93854873E-03   4.15997533E-03  0.273465991       3.61251906E-02 k_33_37_17                                                                         8.71813390E-05   4.79034090E-04   2.68982141E-04   2.18034693E-05   1.19455632E-04   4.86593693E-04   3.40716448E-04   2.76335631E-05
   99.0000000       0.00000000      0.540000021       10.5419998       17.1708145       5.69999981      0.678541720       6.78287125       3.17834713E-03   2.82884063E-03  0.890035152       4.93263418E-04  -1.51454224E-04   3.42497858E-03   2.68508401E-03   3.42497905E-03   2.75311386E-03   2.98029534E-03   2.75311340E-03  0.155194953      -5.35393283E-02 k_33_37_18                                                                         6.87597712E-05   3.51344992E-04   2.12612154E-04   1.79053168E-05   9.80796249E-05   3.59322818E-04   2.70301563E-04   2.25615659E-05
   99.0000000       0.00000000      0.569999993       10.5419998       17.4228325       5.69999981      0.653308332       7.13163042       2.21949210E-03   1.94609549E-03  0.876820207       1.09220753E-04  -2.61311274E-04   2.27410230E-03   2.11027125E-03   2.27410253E-03   1.81543292E-03   2.20740656E-03   1.81544607E-03   4.92097959E-02 -0.134274647     k_33_37_19                                                                         5.52364363E-05   2.57799635E-04   1.67905295E-04   1.45355443E-05   8.16314787E-05   2.67426192E-04   2.15338689E-04   1.83968514E-05
   99.0000000       0.00000000      0.600000024       10.5419998       17.7112751       5.69999981      0.627801299       7.51233292       1.54352456E-03   1.32726482E-03  0.859892249      -6.82669852E-05  -2.73689599E-04   1.50939089E-03   1.61179132E-03   1.50939089E-03   1.19041954E-03   1.60095457E-03   1.19042047E-03  -4.42279875E-02 -0.206205726     k_33_37_20                                                                         4.50515981E-05   1.89096434E-04   1.32117915E-04   1.17150121E-05   6.86610874E-05   2.00068404E-04   1.71831431E-04   1.49455809E-05
   99.0000000       0.00000000      0.629999995       10.5419998       18.0438824       5.69999981      0.602082193       7.92852259       1.06569927E-03   8.96388257E-04  0.841126859      -1.33977868E-04  -2.44578056E-04   9.98710282E-04   1.19967724E-03   9.98710399E-04   7.74098153E-04   1.14096631E-03   7.74100248E-04 -0.125718266     -0.272848338     k_33_37_21                                                                         3.73620423E-05   1.38628617E-04   1.03630053E-04   9.35532444E-06   5.82266730E-05   1.50174717E-04   1.37083465E-04   1.20754921E-05
   99.0000000       0.00000000      0.660000026       10.5419998       18.4308891       5.69999981      0.576208532       8.38435745       7.29416613E-04   5.99922379E-04  0.822468758      -1.43120880E-04  -1.99893198E-04   6.57856173E-04   8.72537552E-04   6.57856173E-04   4.99975460E-04   7.99815694E-04   4.99976159E-04 -0.196212798     -0.333198428     k_33_37_22                                                                         3.15251164E-05   1.01789650E-04   8.12221188E-05   7.41818076E-06   4.97607653E-05   1.13101174E-04   1.09335488E-04   9.70332621E-06
   99.0000000       0.00000000      0.689999998       10.5419998       18.8861427       5.69999981      0.550232530       8.88476467       4.93103114E-04   3.97024502E-04  0.805155158      -1.26634142E-04  -1.53809466E-04   4.29786072E-04   6.19737257E-04   4.29786072E-04   3.20118706E-04   5.50833938E-04   3.20120802E-04 -0.256810665     -0.387405485     k_33_37_23                                                                         2.69690463E-05   7.48519014E-05   6.35682882E-05   5.83921064E-06   4.27556733E-05   8.53080346E-05   8.70154254E-05   7.73943611E-06
   99.0000000       0.00000000      0.720000029       10.5419998       19.4288788       5.69999981      0.524202049       9.43561554       3.28528462E-04   2.59276363E-04  0.789205194      -1.01339705E-04  -1.13493530E-04   2.77858548E-04   4.29868087E-04   2.77858548E-04   2.02530719E-04   3.72769893E-04   2.02528478E-04 -0.308465540     -0.437731892     k_33_37_24                                                                         2.33378796E-05   5.51635167E-05   4.96634639E-05   4.55385270E-06   3.69229201E-05   6.44496758E-05   6.91030800E-05   6.12681833E-06
   99.0000000       0.00000000      0.750000000       10.5419998       20.0866089       5.69999981      0.498162419       10.0438919       2.14933578E-04   1.66714119E-04  0.775654137      -7.56731970E-05  -8.03968214E-05   1.77097012E-04   2.90606811E-04   1.77096983E-04   1.26515326E-04   2.47110933E-04   1.26516097E-04 -0.352077127     -0.482243627     k_33_37_25                                                                         2.04027128E-05   4.07725893E-05   3.87585605E-05   3.52232928E-06   3.20122308E-05   4.87376601E-05   5.47158124E-05   4.80925337E-06
   99.0000000       0.00000000      0.779999971       10.5419998       20.9003773       5.69999981      0.472152829       10.7180729       1.37709256E-04   1.05442647E-04  0.765690327      -5.34327773E-05  -5.48592689E-05   1.10992878E-04   1.91142040E-04   1.10992878E-04   7.80131886E-05   1.60301919E-04   7.80128685E-05 -0.388011515     -0.520275891     k_33_37_26                                                                         1.80237494E-05   3.03153793E-05   3.03003708E-05   2.71284443E-06   2.78894040E-05   3.69368572E-05   4.32434681E-05   3.74644333E-06
   99.0000000       0.00000000      0.810000002       10.5419998       21.9343548       5.69999981      0.446209878       11.4684410       8.58109779E-05   6.51749287E-05  0.759517372      -3.57919780E-05  -3.58830839E-05   6.79149744E-05   1.21602934E-04   6.79149889E-05   4.72334395E-05   1.01058016E-04   4.72333413E-05 -0.417102545     -0.550565779     k_33_37_27                                                                         1.60295676E-05   2.26497141E-05   2.36949600E-05   2.09019436E-06   2.43726081E-05   2.80127169E-05   3.40575789E-05   2.89082254E-06
   99.0000000       0.00000000      0.839999974       10.5419998       23.2955189       5.69999981      0.420366555       12.3076277       5.16964610E-05   3.91164140E-05  0.756655574      -2.26996908E-05  -2.23527168E-05   4.03466074E-05   7.43961500E-05   4.03466074E-05   2.79401593E-05   6.14691380E-05   2.79399555E-05 -0.439095646     -0.571440876     k_33_37_28                                                                         1.43732523E-05   1.70338026E-05   1.85691661E-05   1.59850151E-06   2.14045394E-05   2.13016901E-05   2.67800551E-05   2.21275513E-06
   99.0000000       0.00000000      0.870000005       10.5419998       25.1783314       5.69999981      0.394651711       13.2513361       2.97304432E-05   2.25057465E-05  0.756993294      -1.35058744E-05  -1.30875787E-05   2.29775014E-05   4.32363122E-05   2.29775032E-05   1.59620049E-05   3.55933225E-05   1.59619103E-05 -0.454277605     -0.581521630     k_33_37_29                                                                         1.29822256E-05   1.28912025E-05   1.45760478E-05   1.21542325E-06   1.88880986E-05   1.62394444E-05   2.10196104E-05   1.67900316E-06
   99.0000000       0.00000000      0.899999976       10.5419998       27.9827404       5.69999981      0.369092405       14.3192425       1.59589272E-05   1.21807907E-05  0.763258755      -7.37699656E-06  -7.20070557E-06   1.22704278E-05   2.33359224E-05   1.22704269E-05   8.58050407E-06   1.93814958E-05   8.58037220E-06 -0.462248892     -0.591152549     k_33_37_30                                                                         1.17680929E-05   9.85709812E-06   1.14839240E-05   9.22249001E-07   1.67448525E-05   1.24071921E-05   1.64629946E-05   1.26170153E-06
   99.0000000       0.00000000      0.930000007       10.5419998       32.7105255       5.69999981      0.343711227       15.5364580       7.64663582E-06   5.90663012E-06  0.772448182      -3.53461246E-06  -3.51433732E-06   5.87932982E-06   1.11812496E-05   5.87932982E-06   4.14944043E-06   9.42096631E-06   4.14948272E-06 -0.462244123     -0.594981790     k_33_37_31                                                                         1.07352362E-05   7.58861461E-06   9.06184960E-06   6.96328016E-07   1.49441830E-05   9.51553920E-06   1.28891834E-05   9.39864549E-07
   99.0000000       0.00000000      0.959999979       10.5419998       43.0062866       5.69999981      0.318528980       16.9354172       2.86917088E-06   2.25126473E-06  0.784639478      -1.30061926E-06  -1.31659317E-06   2.21886171E-06   4.16979037E-06   2.21886148E-06   1.59295985E-06   3.56785813E-06   1.59297610E-06 -0.453308403     -0.584823787     k_33_37_32                                                                         9.87572366E-06   5.87864815E-06   7.17243529E-06   5.20876029E-07   1.34438269E-05   7.33009119E-06   1.00958741E-05   6.93914899E-07
   99.0000000       0.00000000      0.990000010       10.5419998       112.690994       5.69999981      0.293563575       18.5588055       3.31973808E-07   2.67419523E-07  0.805544019      -1.44377637E-07  -1.50205025E-07   2.59785025E-07   4.76351488E-07   2.59785025E-07   1.92317373E-07   4.17624562E-07   1.92316691E-07 -0.434906721     -0.561683118     k_33_37_33                                                                         9.20221828E-06   4.60619822E-06   5.73119769E-06   3.90568857E-07   1.22412375E-05   5.68917949E-06   7.93956497E-06   5.08917992E-07
