 #! thr0[f,0]/ phr0[f,1]/ pr[f,2]/ ei[f,3]/ th_e[f,4]/ q2[f,5]/ x[f,6]/ plab[f,7]/ crs0[f,8]/ crs12[f,9]/  ratio[f,10]/ crs_ten0[f,11]/ crs_ten12[f,12]/  crs_pol0_-1[f,13]/ crs_pol0_0[f,14]/ crs_pol0_1[f,15]/ crs_pol12_-1[f,16]/ crs_pol12_0[f,17]/ crs_pol12_1[f,18]/ asym0[f,19]/ asym12[f,20]/ ID[s,21]/ w_l[f,22]/ w_t[f,23]/ w_lt[f,24]/ w_tt[f,25]/ w_l_pwia[f,26]/ w_t_pwia[f,27]/ w_lt_pwia[f,28]/ w_tt_pwia[f,29]/ 
   99.0000000       0.00000000       0.00000000       10.5419998       14.0976028       5.00000000      0.998660445       3.48114491       1419.61499       1387.53088      0.977399409      -1.06297731E-02  -5.23607254       1419.60986       1419.62573       1419.60986       1384.91284       1392.76685       1384.91284      -7.48778575E-06  -3.77366203E-03 k_33_30_0                                                                          10.0579977       92.1382141       4.38342540E-04  -1.90734863E-05   10.2964287       94.2647705       4.33680869E-19   0.00000000    
   99.0000000       0.00000000       2.99999993E-02   10.5419998       14.1154737       5.00000000      0.991294324       3.52217412       692.733093       671.510559      0.969364047       9.88780880       6.17991877       697.676941       682.845276       697.677002       674.600525       665.330688       674.600525       1.42736202E-02   9.20301024E-03 k_33_30_1                                                                          4.78736448       43.4478569       1.52608275       9.97161865E-03   4.94519663       44.8431053       1.55212665       1.00784302E-02
   99.0000000       0.00000000       5.99999987E-02   10.5419998       14.1378937       5.00000000      0.982244253       3.57338214       181.146606       170.919296      0.943541229       10.3077364       8.30180359       186.300507       170.838882       186.300491       175.070221       162.617508       175.070221       5.69027290E-02   4.85714823E-02 k_33_30_2                                                                          1.20538831       10.8035946      0.773809969       9.97018814E-03   1.28219259       11.4728956      0.798418403       1.03168488E-02
   99.0000000       0.00000000       9.00000036E-02   10.5419998       14.1649933       5.00000000      0.971579492       3.63488793       51.0768890       46.2100868      0.904716134       6.49401903       5.37195349       54.3238945       44.5828629       54.3238907       48.8960609       40.8381271       48.8960609      0.127142027      0.116250671     k_33_30_3                                                                         0.324546784       2.85966611      0.314682901       6.13141060E-03  0.361157328       3.17631388      0.333650827       6.42752647E-03
   99.0000000       0.00000000      0.119999997       10.5419998       14.1970282       5.00000000      0.959342539       3.70706248       16.9886627       14.5460672      0.856222034       3.79169917       3.11567807       18.8845100       13.1969633       18.8845100       16.1039028       11.4303885       16.1039085      0.223189980      0.214193851     k_33_30_4                                                                         0.102335192      0.882809520      0.133493528       3.46434116E-03  0.120917380       1.04103327      0.146863759       3.74585390E-03
   99.0000000       0.00000000      0.150000006       10.5419998       14.2342606       5.00000000      0.945601940       3.79022789       6.46961546       5.26789284      0.814251304       2.20898199       1.79930782       7.57410669       4.26063395       7.57410622       6.16754484       3.46858525       6.16754818      0.341439456      0.341561198     k_33_30_5                                                                          3.75638716E-02  0.314655125       6.08142838E-02   1.95932388E-03   4.67163920E-02  0.392050922       6.97047859E-02   2.20455229E-03
   99.0000000       0.00000000      0.180000007       10.5419998       14.2770052       5.00000000      0.930430472       3.88477993       2.73278666       2.13229012      0.780262172       1.29972303       1.04548144       3.38264775       1.43306351       3.38264775       2.65503073       1.08680868       2.65503144      0.475603551      0.490309179     k_33_30_6                                                                          1.55797042E-02  0.126107588       2.94832513E-02   1.12732127E-03   2.01829541E-02  0.164358020       3.53884250E-02   1.33088976E-03
   99.0000000       0.00000000      0.209999993       10.5419998       14.3256321       5.00000000      0.913909256       3.99116206       1.25386906      0.953443527      0.760401189      0.771878362      0.612378359       1.63980806      0.481990695       1.63980806       1.25963199      0.341065288       1.25963330      0.615597248      0.642280698     k_33_30_7                                                                          7.25316256E-03   5.63290045E-02   1.51601983E-02   6.65757805E-04   9.55193210E-03   7.51174092E-02   1.90599449E-02   8.27796757E-04
   99.0000000       0.00000000      0.239999995       10.5419998       14.3805723       5.00000000      0.896125138       4.10988522      0.617341459      0.463144034      0.750223458      0.461158782      0.358968884      0.847920775      0.156182721      0.847920954      0.642627597      0.104175180      0.642629445      0.747007608      0.775069654     k_33_30_8                                                                          3.70997959E-03   2.75700651E-02   8.25648941E-03   4.04980965E-04   4.89398185E-03   3.69766690E-02   1.08403023E-02   5.31967729E-04
   99.0000000       0.00000000      0.270000011       10.5419998       14.4423323       5.00000000      0.877169251       4.24153328      0.323969930      0.252065480      0.778052092      0.276105464      0.212609038      0.462022752       4.78644483E-02  0.462022662      0.358369946       3.94564383E-02  0.358370095      0.852256477      0.843467474     k_33_30_9                                                                          2.14474229E-03   1.53713059E-02   4.84716892E-03   2.58134678E-04   2.69749644E-03   1.94747932E-02   6.49880292E-03   3.54274176E-04
   99.0000000       0.00000000      0.300000012       10.5419998       14.5115118       5.00000000      0.857133925       4.38678551      0.180451259      0.147010833      0.814684451      0.165032908      0.124787271      0.262967706       1.54183209E-02  0.262967736      0.209404051       2.22235881E-02  0.209404901      0.914556682      0.848830462     k_33_30_10                                                                         1.34099915E-03   9.21730418E-03   3.05220857E-03   1.75077468E-04   1.59349921E-03   1.09295584E-02   4.10336675E-03   2.45090574E-04
   99.0000000       0.00000000      0.330000013       10.5419998       14.5888109       5.00000000      0.836115599       4.54640627      0.106212176       8.83380622E-02  0.831713140       9.80654135E-02   7.11349547E-02  0.155244872       8.14676099E-03  0.155244872      0.123905398       1.72031205E-02  0.123905711      0.923297286      0.805258274     k_33_30_11                                                                         8.57827137E-04   5.68628777E-03   2.01789290E-03   1.22612342E-04   1.00488879E-03   6.50836295E-03   2.72340979E-03   1.76195521E-04
   99.0000000       0.00000000      0.360000014       10.5419998       14.6750565       5.00000000      0.814210355       4.72126770       6.56713098E-02   5.77517636E-02  0.879406273       5.76708429E-02   4.09727208E-02   9.45067406E-02   8.00046790E-03   9.45067406E-02   7.82377869E-02   1.67790391E-02   7.82384574E-02  0.878174067      0.709462702     k_33_30_12                                                                         5.91763644E-04   3.84672196E-03   1.44410389E-03   9.28968657E-05   6.72801689E-04   4.08882415E-03   1.89230044E-03   1.31311826E-04
   99.0000000       0.00000000      0.389999986       10.5419998       14.7712336       5.00000000      0.791512787       4.91238403       4.23242114E-02   3.76318283E-02  0.889132440       3.33814882E-02   2.20570881E-02   5.90149462E-02   8.94271955E-03   5.90149462E-02   4.86603454E-02   1.55747356E-02   4.86603864E-02  0.788709044      0.586128533     k_33_30_13                                                                         4.08060412E-04   2.58927722E-03   1.04433333E-03   7.43078999E-05   4.74764063E-04   2.68979464E-03   1.36785198E-03   1.00936508E-04
   99.0000000       0.00000000      0.419999987       10.5419998       14.8785238       5.00000000      0.768114150       5.12092781       2.81879343E-02   2.52949595E-02  0.897368312       1.88833848E-02   1.11146541E-02   3.76296230E-02   9.30455048E-03   3.76296230E-02   3.08522470E-02   1.41803054E-02   3.08523253E-02  0.669910192      0.439401925     k_33_30_14                                                                         2.83163274E-04   1.81086164E-03   7.81103969E-04   5.94713492E-05   3.50211078E-04   1.83747988E-03   1.02104247E-03   7.95090455E-05
   99.0000000       0.00000000      0.449999988       10.5419998       14.9983301       5.00000000      0.744106650       5.34821653       1.92276742E-02   1.72793455E-02  0.898670614       1.03252148E-02   4.69653541E-03   2.43902858E-02   8.90246034E-03   2.43902840E-02   1.96275227E-02   1.25828125E-02   1.96277052E-02  0.536997616      0.271800548     k_33_30_15                                                                         2.11295890E-04   1.27587898E-03   6.06877613E-04   4.87278448E-05   2.67760799E-04   1.29240402E-03   7.80887785E-04   6.37228368E-05
   99.0000000       0.00000000      0.479999989       10.5419998       15.1323624       5.00000000      0.719576061       5.59579706       1.33294249E-02   1.19414460E-02  0.895871043       5.36115700E-03   1.74882251E-03   1.60100032E-02   7.96826929E-03   1.60100050E-02   1.28158452E-02   1.01926243E-02   1.28158685E-02  0.402204663      0.146449804     k_33_30_16                                                                         1.61150034E-04   9.13124939E-04   4.78290807E-04   4.02122387E-05   2.10635335E-04   9.29129368E-04   6.07744441E-04   5.16372384E-05
   99.0000000       0.00000000      0.509999990       10.5419998       15.2827024       5.00000000      0.694605231       5.86543989       9.33016650E-03   8.34641699E-03  0.894562483       2.55148299E-03   3.61982442E-04   1.06059061E-02   6.77868212E-03   1.06059061E-02   8.52738414E-03   7.98443425E-03   8.52743350E-03  0.273465961       4.33697999E-02 k_33_30_17                                                                         1.24679835E-04   6.68628782E-04   3.78115306E-04   3.32180643E-05   1.69441657E-04   6.78671873E-04   4.78632312E-04   4.20875731E-05
   99.0000000       0.00000000      0.540000021       10.5419998       15.4518976       5.00000000      0.669273078       6.15919209       6.55941339E-03   5.81372948E-03  0.886318505       1.01798796E-03  -2.73220037E-04   7.06840772E-03   5.54142566E-03   7.06840772E-03   5.67711657E-03   6.08694972E-03   5.67712309E-03  0.155194968      -4.69956584E-02 k_33_30_18                                                                         9.80535842E-05   4.90606413E-04   2.98976986E-04   2.72567704E-05   1.38703268E-04   5.01334376E-04   3.79768549E-04   3.43624997E-05
   99.0000000       0.00000000      0.569999993       10.5419998       15.6431341       5.00000000      0.643652976       6.47944069       4.61272895E-03   4.02549282E-03  0.872692227       2.26991135E-04  -5.14503801E-04   4.72622411E-03   4.38573724E-03   4.72622318E-03   3.76823335E-03   4.53999639E-03   3.76824755E-03   4.92097288E-02 -0.127811387     k_33_30_19                                                                         7.83947471E-05   3.60018748E-04   2.35996034E-04   2.22212402E-05   1.15115981E-04   3.73271090E-04   3.02611530E-04   2.80195090E-05
   99.0000000       0.00000000      0.600000024       10.5419998       15.8604078       5.00000000      0.617814183       6.82895374       3.23326094E-03   2.76759802E-03  0.855977297      -1.43000725E-04  -5.53307589E-04   3.16175981E-03   3.37626110E-03   3.16176005E-03   2.49094400E-03   3.32090515E-03   2.49094400E-03  -4.42280173E-02 -0.199923396     k_33_30_20                                                                         6.38051206E-05   2.64204486E-04   1.85872574E-04   1.79134659E-05   9.65722866E-05   2.79385888E-04   2.41541245E-04   2.27629062E-05
   99.0000000       0.00000000      0.629999995       10.5419998       16.1088314       5.00000000      0.591819346       7.21099567       2.25241878E-03   1.88440247E-03  0.836612821      -2.83170230E-04  -5.03465068E-04   2.11083377E-03   2.53558857E-03   2.11083353E-03   1.63266750E-03   2.38786708E-03   1.63267204E-03 -0.125718281     -0.267174900     k_33_30_21                                                                         5.27343691E-05   1.93600921E-04   1.45832906E-04   1.42704375E-05   8.17035034E-05   2.09826540E-04   1.92769090E-04   1.83916200E-05
   99.0000000       0.00000000      0.660000026       10.5419998       16.3950138       5.00000000      0.565728009       7.62937403       1.55758287E-03   1.27461518E-03  0.818328977      -3.05617548E-04  -4.17743227E-04   1.40477414E-03   1.86320057E-03   1.40477414E-03   1.06574351E-03   1.69235864E-03   1.06574385E-03 -0.196212709     -0.327740669     k_33_30_22                                                                         4.43485333E-05   1.42300167E-04   1.14398477E-04   1.13296846E-05   6.96799034E-05   1.58125244E-04   1.53821966E-04   1.47787068E-05
   99.0000000       0.00000000      0.689999998       10.5419998       16.7276917       5.00000000      0.539594173       8.08859921       1.06559938E-03   8.53948353E-04  0.801378429      -2.73657351E-04  -3.26616137E-04   9.28770634E-04   1.33925665E-03   9.28770634E-04   6.90639194E-04   1.18056452E-03   6.90641464E-04 -0.256810725     -0.382477611     k_33_30_23                                                                         3.78513178E-05   1.04764629E-04   8.96184647E-05   8.91146919E-06   5.97653197E-05   1.19351578E-04   1.22490819E-04   1.17875934E-05
   99.0000000       0.00000000      0.720000029       10.5419998       17.1186657       5.00000000      0.513466716       8.59404469       7.20002106E-04   5.66467294E-04  0.786757827      -2.22095841E-04  -2.45060102E-04   6.08954288E-04   9.42097977E-04   6.08954229E-04   4.43937868E-04   8.11527367E-04   4.43936646E-04 -0.308465540     -0.432611197     k_33_30_24                                                                         3.27291636E-05   7.73787469E-05   7.02011603E-05   6.96816278E-06   5.15376050E-05   9.02396860E-05   9.73429269E-05   9.33150659E-06
   99.0000000       0.00000000      0.750000000       10.5419998       17.5842667       5.00000000      0.487390310       9.15212631       4.79049631E-04   3.70609458E-04  0.773634791      -1.68662387E-04  -1.76389163E-04   3.94718401E-04   6.47712033E-04   3.94718401E-04   2.82414694E-04   5.46998519E-04   2.82414985E-04 -0.352077067     -0.475943506     k_33_30_25                                                                         2.85827555E-05   5.72694480E-05   5.48723983E-05   5.39111534E-06   4.46328995E-05   6.82988612E-05   7.71387931E-05   7.32479020E-06
   99.0000000       0.00000000      0.779999971       10.5419998       18.1478386       5.00000000      0.461404473       9.77060986       3.13328201E-04   2.39470697E-04  0.764280677      -1.21574951E-04  -1.22884187E-04   2.52540747E-04   4.34903137E-04   2.52540747E-04   1.78028960E-04   3.62354884E-04   1.78028306E-04 -0.388011515     -0.513149142     k_33_30_26                                                                         2.52297141E-05   4.26426559E-05   4.29865904E-05   4.17242518E-06   3.88530279E-05   5.18099114E-05   6.10227653E-05   5.70604061E-06
   99.0000000       0.00000000      0.810000002       10.5419998       18.8440151       5.00000000      0.435545653       10.4589119       2.00387687E-04   1.51939414E-04  0.758227289      -8.35822138E-05  -8.25959214E-05   1.58596566E-04   2.83969915E-04   1.58596566E-04   1.10642162E-04   2.34535328E-04   1.10640751E-04 -0.417102545     -0.543610871     k_33_30_27                                                                         2.24333071E-05   3.19090432E-05   3.36722878E-05   3.19626542E-06   3.39366670E-05   3.93320333E-05   4.81132120E-05   4.40290023E-06
   99.0000000       0.00000000      0.839999974       10.5419998       19.7267399       5.00000000      0.409845203       11.2286282       1.24897211E-04   9.43555933E-05  0.755465984      -5.48418357E-05  -5.31242913E-05   9.74762879E-05   1.79739043E-04   9.74762879E-05   6.77935313E-05   1.47479892E-04   6.77933713E-05 -0.439095765     -0.563022196     k_33_30_28                                                                         2.01181847E-05   2.40256777E-05   2.64399605E-05   2.44860075E-06   2.97975166E-05   2.99413059E-05   3.78801415E-05   3.37015990E-06
   99.0000000       0.00000000      0.870000005       10.5419998       20.8853359       5.00000000      0.384331435       12.0941439       7.52739361E-05   5.69478507E-05  0.756541431      -3.41952655E-05  -3.26889931E-05   5.81763125E-05   1.09469212E-04   5.81763125E-05   4.06030231E-05   8.96368438E-05   4.06036888E-05 -0.454277635     -0.574016273     k_33_30_29                                                                         1.81767809E-05   1.82389394E-05   2.07922621E-05   1.86414036E-06   2.62961566E-05   2.28518620E-05   2.97753541E-05   2.55723444E-06
   99.0000000       0.00000000      0.899999976       10.5419998       22.4805298       5.00000000      0.359029800       13.0735016       4.33278619E-05   3.30524090E-05  0.762844205      -2.00282557E-05  -1.93352025E-05   3.33137286E-05   6.33561140E-05   3.33137286E-05   2.33848295E-05   5.23876115E-05   2.33847823E-05 -0.462248892     -0.584986210     k_33_30_30                                                                         1.64815847E-05   1.39681360E-05   1.64367138E-05   1.41670898E-06   2.33193769E-05   1.74796278E-05   2.33590144E-05   1.92163679E-06
   99.0000000       0.00000000      0.930000007       10.5419998       24.8382454       5.00000000      0.333961338       14.1897259       2.33651572E-05   1.80283660E-05  0.771591902      -1.08004087E-05  -1.05950376E-05   1.79649523E-05   3.41655614E-05   1.79649523E-05   1.27308977E-05   2.86234026E-05   1.27307931E-05 -0.462244213     -0.587687075     k_33_30_31                                                                         1.50536216E-05   1.07727919E-05   1.30076251E-05   1.06861035E-06   2.08234469E-05   1.34221818E-05   1.83228040E-05   1.43147190E-06
   99.0000000       0.00000000      0.959999979       10.5419998       28.7539654       5.00000000      0.309145302       15.4725437       1.13176748E-05   8.86389171E-06  0.783190191      -5.13039822E-06  -5.11557801E-06   8.75247679E-06   1.64480734E-05   8.75247679E-06   6.30608565E-06   1.39794702E-05   6.30611930E-06 -0.453308493     -0.577125490     k_33_30_32                                                                         1.38694340E-05   8.36552863E-06   1.03355833E-05   8.02449222E-07   1.87473670E-05   1.03523835E-05   1.43827656E-05   1.05687104E-06
   99.0000000       0.00000000      0.990000010       10.5419998       36.9654045       5.00000000      0.284597665       16.9610996       4.39755831E-06   3.51271478E-06  0.798787534      -1.91252707E-06  -1.94429526E-06   3.44129398E-06   6.31008515E-06   3.44129444E-06   2.54054976E-06   5.45701005E-06   2.54058455E-06 -0.434906572     -0.553502202     k_33_30_33                                                                         1.29444134E-05   6.56644124E-06   8.28575867E-06   6.02613000E-07   1.70870990E-05   8.04504089E-06   1.13385449E-05   7.75110493E-07
   99.0000000       0.00000000       1.01999998       10.5419998       76.8207321       5.00000000      0.260332257       18.7079391       6.91360242E-07   5.64857999E-07  0.817024112      -2.79694603E-07  -2.96835026E-07   5.51512869E-07   9.71054760E-07   5.51512926E-07   4.16440628E-07   8.61693138E-07   4.16440400E-07 -0.404556960     -0.525503814     k_33_30_34                                                                         1.22013671E-05   5.18450133E-06   6.67661197E-06   4.50412699E-07   1.57817194E-05   6.29609531E-06   8.97913924E-06   5.63838739E-07
