 #! thr0[f,0]/ phr0[f,1]/ pr[f,2]/ ei[f,3]/ th_e[f,4]/ q2[f,5]/ x[f,6]/ plab[f,7]/ crs0[f,8]/ crs12[f,9]/  ratio[f,10]/ crs_ten0[f,11]/ crs_ten12[f,12]/  crs_pol0_-1[f,13]/ crs_pol0_0[f,14]/ crs_pol0_1[f,15]/ crs_pol12_-1[f,16]/ crs_pol12_0[f,17]/ crs_pol12_1[f,18]/ asym0[f,19]/ asym12[f,20]/ ID[s,21]/ w_l[f,22]/ w_t[f,23]/ w_lt[f,24]/ w_tt[f,25]/ w_l_pwia[f,26]/ w_t_pwia[f,27]/ w_lt_pwia[f,28]/ w_tt_pwia[f,29]/ 
   96.0000000       0.00000000       0.00000000       10.5419998       19.6067505       7.80000019      0.998785555       5.01187801       138.915436       136.022888      0.979177654      -1.04846631E-03 -0.496595800       138.914902       138.916473       138.914902       135.774597       136.519485       135.774597      -7.54751500E-06  -3.65082524E-03 k_32_58_0                                                                          2.71342468       29.1870213       3.97451193E-04   3.24249268E-05   2.77195430       29.8076801      -2.22641510E-32   0.00000000    
   96.0000000       0.00000000       2.99999993E-02   10.5419998       19.6377010       7.80000019      0.994032383       5.05234289       67.4218826       65.4635849      0.970954597       1.00455642      0.647369385       67.9241562       66.4173203       67.9241562       65.7872772       64.8162155       65.7872772       1.48995603E-02   9.88900010E-03 k_32_58_1                                                                          1.28997338       13.7622957      0.471357733       2.32028961E-03   1.32902694       14.1800537      0.479008049       2.36082077E-03
   96.0000000       0.00000000       5.99999987E-02   10.5419998       19.6788998       7.80000019      0.987809241       5.10589409       17.5353127       16.5445614      0.943499625       1.04156733      0.846666336       18.0560970       16.4937458       18.0560989       16.9678917       15.6978912       16.9678936       5.93982749E-02   5.11749052E-02 k_32_58_2                                                                         0.323955864       3.41742086      0.238402992       2.35831738E-03  0.344261736       3.62799549      0.246155590       2.41506100E-03
   96.0000000       0.00000000       9.00000036E-02   10.5419998       19.7306099       7.80000019      0.980161607       5.17260933       4.91733313       4.43790245      0.902501881      0.652618766      0.540665090       5.24364328       4.26471376       5.24364281       4.70823431       3.89723730       4.70823526      0.132718027      0.121828973     k_32_58_3                                                                          8.70942250E-02  0.902694762       9.68815982E-02   1.43498182E-03   9.69529077E-02   1.00446415      0.102764845       1.50483847E-03
   96.0000000       0.00000000      0.119999997       10.5419998       19.7934093       7.80000019      0.971110165       5.25289154       1.62642682       1.37960649      0.848243833      0.378921956      0.309690535       1.81588781       1.24750471       1.81588769       1.53445172       1.06991601       1.53445208      0.232978180      0.224477440     k_32_58_4                                                                          2.73357667E-02  0.276860207       4.09114622E-02   8.10235739E-04   3.24813761E-02  0.329228312       4.51902449E-02   8.76963139E-04
   96.0000000       0.00000000      0.150000006       10.5419998       19.8678703       7.80000019      0.960699916       5.34704924      0.615817368      0.490802974      0.796994388      0.219485655      0.175559759      0.725560248      0.396331668      0.725560248      0.578582704      0.315243185      0.578582883      0.356413543      0.357699066     k_32_58_5                                                                          9.97448433E-03   9.74551439E-02   1.85087118E-02   4.56929207E-04   1.25677949E-02  0.123993628       2.14274041E-02   5.16101718E-04
   96.0000000       0.00000000      0.180000007       10.5419998       19.9547672       7.80000019      0.948971629       5.45554161      0.258566469      0.193421051      0.748051584      0.128368378       9.99427885E-02  0.322750688      0.130198091      0.322750688      0.243392393       9.34782773E-02  0.243392527      0.496461809      0.516710997     k_32_58_6                                                                          4.07351134E-03   3.81853245E-02   8.85760598E-03   2.59492546E-04   5.44228125E-03   5.19839302E-02   1.08676059E-02   3.11577693E-04
   96.0000000       0.00000000      0.209999993       10.5419998       20.0550232       7.80000019      0.935972333       5.57889318      0.117890581       8.44532922E-02  0.716370165       7.57559091E-02   5.73527142E-02  0.155768543       4.21346724E-02  0.155768543      0.113129616       2.71005780E-02  0.113129675      0.642595112      0.679105699     k_32_58_7                                                                          1.87283626E-03   1.67330150E-02   4.47855657E-03   1.52321532E-04   2.58378731E-03   2.37595271E-02   5.84716955E-03   1.93795189E-04
   96.0000000       0.00000000      0.239999995       10.5419998       20.1696587       7.80000019      0.921765447       5.71759224       5.76571487E-02   4.09397408E-02  0.710054874       4.49592359E-02   3.30232456E-02   8.01367685E-02   1.26979146E-02   8.01367685E-02   5.74513040E-02   7.91649148E-03   5.74514195E-02  0.779768646      0.806630552     k_32_58_8                                                                          9.72037087E-04   8.23639892E-03   2.41664308E-03   9.23047774E-05   1.32908963E-03   1.16958972E-02   3.32192820E-03   1.24539714E-04
   96.0000000       0.00000000      0.270000011       10.5419998       20.2999496       7.80000019      0.906410158       5.87228966       3.00427880E-02   2.18271594E-02  0.726535738       2.67270599E-02   1.90304052E-02   4.34063226E-02   3.31572350E-03   4.34063226E-02   3.13423201E-02   2.79675703E-03   3.13424096E-02  0.889633119      0.871868134     k_32_58_9                                                                          5.56659186E-04   4.51242970E-03   1.39443344E-03   5.84130175E-05   7.36058864E-04   6.15985971E-03   1.98916346E-03   8.29384662E-05
   96.0000000       0.00000000      0.300000012       10.5419998       20.4474373       7.80000019      0.889968574       6.04372787       1.66063607E-02   1.29743014E-02  0.781285048       1.58535261E-02   1.10150101E-02   2.45331265E-02   7.52833614E-04   2.45331228E-02   1.84817687E-02   1.95929222E-03   1.84818432E-02  0.954665899      0.848986745     k_32_58_10                                                                         3.58162186E-04   2.78658466E-03   8.78864026E-04   3.90530331E-05   4.37181239E-04   3.45676811E-03   1.25435088E-03   5.73775033E-05
   96.0000000       0.00000000      0.330000013       10.5419998       20.6139221       7.80000019      0.872509897       6.23271513       9.69402585E-03   7.91774224E-03  0.816765130       9.34300292E-03   6.12368854E-03   1.43655296E-02   3.51023860E-04   1.43655296E-02   1.09795723E-02   1.79405254E-03   1.09795993E-02  0.963789761      0.773413479     k_32_58_11                                                                         2.33799015E-04   1.76793057E-03   5.79375948E-04   2.77018989E-05   2.77353771E-04   2.05816375E-03   8.31336190E-04   4.12490917E-05
   96.0000000       0.00000000      0.360000014       10.5419998       20.8015976       7.80000019      0.854102552       6.44019079       5.94034605E-03   5.10073407E-03  0.858659387       5.44544123E-03   3.21944919E-03   8.66306666E-03   4.94905049E-04   8.66306573E-03   6.71043945E-03   1.88128464E-03   6.71047624E-03  0.916687548      0.631173730     k_32_58_12                                                                         1.54352208E-04   1.19563204E-03   4.00666497E-04   2.08336860E-05   1.86890407E-04   1.29272579E-03   5.76722785E-04   3.07413284E-05
   96.0000000       0.00000000      0.389999986       10.5419998       21.0131207       7.80000019      0.834815502       6.66724062       3.79165239E-03   3.25385178E-03  0.858161926       3.12159862E-03   1.49274268E-03   5.35245193E-03   6.70053123E-04   5.35245193E-03   4.00021672E-03   1.76110899E-03   4.00022883E-03  0.823281884      0.458761722     k_32_58_13                                                                         1.07916923E-04   7.85596669E-04   2.94960104E-04   1.62027136E-05   1.32774177E-04   8.50222597E-04   4.16199735E-04   2.36331834E-05
   96.0000000       0.00000000      0.419999987       10.5419998       21.2517262       7.80000019      0.814718425       6.91509104       2.49794591E-03   2.18991982E-03  0.876688242       1.74678850E-03   6.51046808E-04   3.37134022E-03   7.51157291E-04   3.37133999E-03   2.51543499E-03   1.53887307E-03   2.51545175E-03  0.699289978      0.297292531     k_32_58_14                                                                         7.94036896E-05   5.46613242E-04   2.30084624E-04   1.32953573E-05   9.85797451E-05   5.80453547E-04   3.10014904E-04   1.86138786E-05
   96.0000000       0.00000000      0.449999988       10.5419998       21.5213566       7.80000019      0.793882012       7.18512678       1.68385520E-03   1.53407012E-03  0.911046326       9.43881983E-04   2.59432563E-04   2.15579639E-03   7.39973213E-04   2.15579616E-03   1.66378240E-03   1.27463741E-03   1.66379020E-03  0.560548186      0.169113889     k_32_58_15                                                                         6.08449045E-05   4.02024307E-04   1.81926705E-04   1.11418631E-05   7.58534879E-05   4.07994608E-04   2.36562715E-04   1.49181724E-05
   96.0000000       0.00000000      0.479999989       10.5419998       21.8269653       7.80000019      0.772371829       7.47898436       1.15209247E-03   1.07282284E-03  0.931195080       4.83699085E-04   6.07794427E-05   1.39394193E-03   6.68393390E-04   1.39394205E-03   1.10321073E-03   1.01204345E-03   1.10321422E-03  0.419843972       5.66537566E-02 k_32_58_16                                                                         4.66558267E-05   2.96464248E-04   1.44975056E-04   9.34104901E-06   6.00223721E-05   2.93056131E-04   1.83640193E-04   1.20887853E-05
   96.0000000       0.00000000      0.509999990       10.5419998       22.1746731       7.80000019      0.750257969       7.79845381       7.94715714E-04   7.44378020E-04  0.936659515       2.26858872E-04  -3.08632443E-05   9.08145099E-04   5.67856769E-04   9.08145215E-04   7.28945481E-04   7.75241409E-04   7.28947343E-04  0.285459161      -4.14617881E-02 k_32_58_17                                                                         3.62109240E-05   2.18033645E-04   1.15405877E-04   7.79730908E-06   4.85317505E-05   2.13817024E-04   1.44208199E-04   9.85312363E-06
   96.0000000       0.00000000      0.540000021       10.5419998       22.5723419       7.80000019      0.727603078       8.14566326       5.49619028E-04   5.11128630E-04  0.929968953       8.90389856E-05  -6.44404572E-05   5.94138517E-04   4.60580108E-04   5.94138692E-04   4.78906353E-04   5.75569109E-04   4.78910340E-04  0.162001282     -0.126074836     k_32_58_18                                                                         2.84739326E-05   1.59821153E-04   9.13364711E-05   6.43986277E-06   3.98916018E-05   1.57720526E-04   1.14046568E-04   8.04458978E-06
   96.0000000       0.00000000      0.569999993       10.5419998       23.0300446       7.80000019      0.704470456       8.52301884       3.79300938E-04   3.48056376E-04  0.917625904       1.95111425E-05  -7.05483690E-05   3.89056484E-04   3.59789788E-04   3.89056484E-04   3.12781049E-04   4.18604730E-04   3.12783377E-04   5.14397435E-02 -0.202692360     k_32_58_19                                                                         2.27614109E-05   1.17127129E-04   7.21219185E-05   5.25749056E-06   3.31939154E-05   1.17188429E-04   9.05130146E-05   6.55772601E-06
   96.0000000       0.00000000      0.600000024       10.5419998       23.5610485       7.80000019      0.680919111       8.93332005       2.60396162E-04   2.33981948E-04  0.898561418      -1.20219011E-05  -6.30866925E-05   2.54385232E-04   2.72418110E-04   2.54385202E-04   2.02437950E-04   2.97068618E-04   2.02439231E-04  -4.61677350E-02 -0.269622058     k_32_58_20                                                                         1.84469063E-05   8.56020051E-05   5.65159680E-05   4.24326208E-06   2.78954030E-05   8.75467595E-05   7.19652162E-05   5.32902777E-06
   96.0000000       0.00000000      0.629999995       10.5419998       24.1830997       7.80000019      0.657006562       9.37977505       1.77099108E-04   1.55358124E-04  0.877238333      -2.32497878E-05  -5.14857020E-05   1.65474223E-04   2.00348906E-04   1.65474223E-04   1.29615219E-04   2.06843833E-04   1.29615335E-04 -0.131281227     -0.331400126     k_32_58_21                                                                         1.51780714E-05   6.25003013E-05   4.40786898E-05   3.38176687E-06   2.36016840E-05   6.55894910E-05   5.71752134E-05   4.30661748E-06
   96.0000000       0.00000000      0.660000026       10.5419998       24.9205818       7.80000019      0.632786453       9.86612797       1.19050521E-04   1.01953825E-04  0.856391251      -2.43805171E-05  -3.93967130E-05   1.06860272E-04   1.43431040E-04   1.06860265E-04   8.22553484E-05   1.41350538E-04   8.22555885E-05 -0.204791352     -0.386417210     k_32_58_22                                                                         1.26947152E-05   4.56957023E-05   3.43151842E-05   2.68227086E-06   2.00865034E-05   4.92633044E-05   4.53743378E-05   3.46013621E-06
   96.0000000       0.00000000      0.689999998       10.5419998       25.8080330       7.80000019      0.608308971       10.3967543       7.87815006E-05   6.57240453E-05  0.834257364      -2.11192455E-05  -2.89134259E-05   6.82218815E-05   9.99007389E-05   6.82218815E-05   5.12673359E-05   9.46374857E-05   5.12673359E-05 -0.268073678     -0.439921588     k_32_58_23                                                                         1.07379574E-05   3.33374992E-05   2.65704584E-05   2.09913196E-06   1.71603715E-05   3.70382768E-05   3.59122423E-05   2.75958155E-06
   96.0000000       0.00000000      0.720000029       10.5419998       26.8960342       7.80000019      0.583623290       10.9767208       5.11546859E-05   4.16243383E-05  0.813695490      -1.64714893E-05  -2.03720774E-05   4.29189458E-05   6.76261698E-05   4.29189349E-05   3.14382669E-05   6.19964267E-05   3.14383324E-05 -0.321993738     -0.489427060     k_32_58_24                                                                         9.17980378E-06   2.43605027E-05   2.05158303E-05   1.63120694E-06   1.47104902E-05   2.78774787E-05   2.83463032E-05   2.18459991E-06
   96.0000000       0.00000000      0.750000000       10.5419998       28.2624245       7.80000019      0.558772266       11.6120815       3.24177599E-05   2.58087330E-05  0.796129465      -1.19156502E-05  -1.37260995E-05   2.64599330E-05   4.43334102E-05   2.64599330E-05   1.89456623E-05   3.95348325E-05   1.89457114E-05 -0.367565513     -0.531839311     k_32_58_25                                                                         7.92116407E-06   1.78490882E-05   1.58187650E-05   1.25572751E-06   1.26379646E-05   2.09893806E-05   2.22938215E-05   1.71496777E-06
   96.0000000       0.00000000      0.779999971       10.5419998       30.0338345       7.80000019      0.533798099       12.3099270       1.99339956E-05   1.55707385E-05  0.781114757      -8.07383367E-06  -8.86717862E-06   1.58970797E-05   2.80078311E-05   1.58970815E-05   1.11371037E-05   2.44379189E-05   1.11371937E-05 -0.405028373     -0.569477081     k_32_58_26                                                                         6.88762520E-06   1.31197557E-05   1.21805333E-05   9.62117156E-07   1.08860759E-05   1.58218281E-05   1.74828328E-05   1.33583490E-06
   96.0000000       0.00000000      0.810000002       10.5419998       32.4332848       7.80000019      0.508739650       13.0787277       1.17562031E-05   9.06127116E-06  0.770765126      -5.11859480E-06  -5.46276124E-06   9.19690501E-06   1.68747974E-05   9.19690501E-06   6.32986985E-06   1.45240328E-05   6.32990987E-06 -0.435395241     -0.602869213     k_32_58_27                                                                         6.02169666E-06   9.69034591E-06   9.38073845E-06   7.34714831E-07   9.38651374E-06   1.19249707E-05   1.36505032E-05   1.03076354E-06
   96.0000000       0.00000000      0.839999974       10.5419998       35.8998070       7.80000019      0.483631253       13.9286957       6.54454470E-06   4.97975316E-06  0.760901392      -2.99971157E-06  -3.12638758E-06   5.04469017E-06   9.54425832E-06   5.04468881E-06   3.41657096E-06   8.10614074E-06   3.41654822E-06 -0.458352983     -0.627819777     k_32_58_28                                                                         5.27178872E-06   7.16783688E-06   7.19565696E-06   5.55133511E-07   8.11406335E-06   9.00246687E-06   1.06290954E-05   7.88985744E-07
   96.0000000       0.00000000      0.870000005       10.5419998       41.4567719       7.80000019      0.458505630       14.8721609       3.32010200E-06   2.50940207E-06  0.755820751      -1.57439410E-06  -1.61870389E-06   2.53290477E-06   4.89449621E-06   2.53290500E-06   1.70004535E-06   4.12810596E-06   1.70005535E-06 -0.474200517     -0.645055592     k_32_58_29                                                                         4.63555580E-06   5.33683578E-06   5.52707752E-06   4.18185437E-07   7.02916759E-06   6.80537050E-06   8.25067036E-06   5.98671932E-07
   96.0000000       0.00000000      0.899999976       10.5419998       52.3300629       7.80000019      0.433393359       15.9241514       1.40520376E-06   1.06169841E-06  0.755547643      -6.78040863E-07  -6.94699622E-07   1.06618324E-06   2.08324445E-06   1.06618324E-06   7.14348687E-07   1.75639821E-06   7.14348403E-07 -0.482521385     -0.654328585     k_32_58_30                                                                         4.09199629E-06   3.99542841E-06   4.24737618E-06   3.13358328E-07   6.09922608E-06   5.14873409E-06   6.38070969E-06   4.49873824E-07
   96.0000000       0.00000000      0.930000007       10.5419998       91.1927795       7.80000019      0.408321381       17.1032581       3.38547665E-07   2.57879066E-07  0.761721611      -1.63354827E-07  -1.67888800E-07   2.56870209E-07   5.01902491E-07   2.56870237E-07   1.73935263E-07   4.25767837E-07   1.73934012E-07 -0.482516468     -0.651036918     k_32_58_31                                                                         3.62982064E-06   3.00960596E-06   3.26914733E-06   2.33904530E-07   5.30965963E-06   3.90438254E-06   4.92352365E-06   3.35121740E-07
