 #! thr0[f,0]/ phr0[f,1]/ pr[f,2]/ ei[f,3]/ th_e[f,4]/ q2[f,5]/ x[f,6]/ plab[f,7]/ crs0[f,8]/ crs12[f,9]/  ratio[f,10]/ crs_ten0[f,11]/ crs_ten12[f,12]/  crs_pol0_-1[f,13]/ crs_pol0_0[f,14]/ crs_pol0_1[f,15]/ crs_pol12_-1[f,16]/ crs_pol12_0[f,17]/ crs_pol12_1[f,18]/ asym0[f,19]/ asym12[f,20]/ ID[s,21]/ w_l[f,22]/ w_t[f,23]/ w_lt[f,24]/ w_tt[f,25]/ w_l_pwia[f,26]/ w_t_pwia[f,27]/ w_lt_pwia[f,28]/ w_tt_pwia[f,29]/ 
   90.0000000       0.00000000       0.00000000       10.1999998       13.6598902       4.50000000      0.998621821       3.20411038       2185.56494       1.40129846E-45   0.00000000      -1.89262647E-02   1.40129846E-45   2185.55542       2185.58374       2185.55542       1.40129846E-45   0.00000000       1.87044845E-34  -8.65966740E-06   1.00000000     k_9_10_0                                                                           13.9723854       122.292877      -1.73472348E-18   0.00000000       13.9723854       122.292877      -1.73472348E-18   0.00000000    
   90.0000000       0.00000000       1.99999996E-02   10.1999998       13.6607466       4.50000000      0.998217404       3.20613670       1561.64954       1.40129846E-45   0.00000000       10.4869766       1.40129846E-45   1566.89307       1551.16260       1566.89307       1.40129846E-45   0.00000000       1.87044845E-34   6.71532005E-03   1.00000000     k_9_10_1                                                                           9.73271370       85.1138458       1.99853873       9.34219360E-03   9.73271370       85.1138458       1.99853873       9.34219360E-03
   90.0000000       0.00000000       3.99999991E-02   10.1999998       13.6633177       4.50000000      0.997005761       3.21221685       703.245667       1.40129846E-45   0.00000000       18.8835297       1.40129846E-45   712.687561       684.362244       712.687561       1.40129846E-45   0.00000000       1.87044845E-34   2.68519670E-02   1.00000000     k_9_10_2                                                                           4.28673410       37.3935585       1.75713074       1.64222717E-02   4.28673410       37.3935585       1.75713074       1.64222717E-02
   90.0000000       0.00000000       5.99999987E-02   10.1999998       13.6676073       4.50000000      0.994991064       3.22235823       285.681671       1.40129846E-45   0.00000000       17.2581711       1.40129846E-45   294.310760       268.423492       294.310730       1.40129846E-45   0.00000000       1.87044845E-34   6.04104958E-02   1.00000000     k_9_10_3                                                                           1.70882940       14.8434258       1.04730499       1.46694183E-02   1.70882940       14.8434258       1.04730499       1.46694183E-02
   90.0000000       0.00000000       7.99999982E-02   10.1999998       13.6736298       4.50000000      0.992180228       3.23657084       121.309303       1.40129846E-45   0.00000000       13.0216589       1.40129846E-45   127.820122       108.287636       127.820122       1.40129846E-45   0.00000000       1.87044845E-34  0.107342623       1.00000000     k_9_10_4                                                                          0.714398026       6.16866970      0.581143320       1.08382702E-02  0.714398026       6.16866970      0.581143320       1.08382702E-02
   90.0000000       0.00000000      0.100000001       10.1999998       13.6813984       4.50000000      0.988583148       3.25487089       55.4807129       1.40129846E-45   0.00000000       9.29278755       1.40129846E-45   60.1271133       46.1879234       60.1271057       1.40129846E-45   0.00000000       1.87044845E-34  0.167495817       1.00000000     k_9_10_5                                                                          0.322746456       2.76543283      0.326249599       7.59303570E-03  0.322746456       2.76543283      0.326249599       7.59303570E-03
   90.0000000       0.00000000      0.119999997       10.1999998       13.6909342       4.50000000      0.984211802       3.27727866       27.2031860       1.40129846E-45   0.00000000       6.54294634       1.40129846E-45   30.4746609       20.6602421       30.4746609       1.40129846E-45   0.00000000       1.87044845E-34  0.240521327       1.00000000     k_9_10_6                                                                          0.156845227       1.33118212      0.188868195       5.26380539E-03  0.156845227       1.33118212      0.188868195       5.26380539E-03
   90.0000000       0.00000000      0.140000001       10.1999998       13.7022591       4.50000000      0.979081154       3.30381846       14.1426868       1.40129846E-45   0.00000000       4.60662889       1.40129846E-45   16.4460011       9.53605747       16.4460011       1.40129846E-45   0.00000000       1.87044845E-34  0.325725168       1.00000000     k_9_10_7                                                                           8.10945332E-02  0.680478930      0.112927504       3.66273522E-03   8.10945332E-02  0.680478930      0.112927504       3.66273522E-03
   90.0000000       0.00000000      0.159999996       10.1999998       13.7154055       4.50000000      0.973208249       3.33452177       7.71846294       1.40129846E-45   0.00000000       3.25579405       1.40129846E-45   9.34636116       4.46267080       9.34636116       1.40129846E-45   0.00000000       1.87044845E-34  0.421818972       1.00000000     k_9_10_8                                                                           4.41669598E-02  0.365715325       6.95658624E-02   2.57122517E-03   4.41669598E-02  0.365715325       6.95658624E-02   2.57122517E-03
   90.0000000       0.00000000      0.180000007       10.1999998       13.7304068       4.50000000      0.966612399       3.36942506       4.38903475       1.40129846E-45   0.00000000       2.31107283       1.40129846E-45   5.54457140       2.07796144       5.54456997       1.40129846E-45   0.00000000       1.87044845E-34  0.526556075       1.00000000     k_9_10_9                                                                           2.51517370E-02  0.205103129       4.40359563E-02   1.82499737E-03   2.51517370E-02  0.205103129       4.40359563E-02   1.82499737E-03
   90.0000000       0.00000000      0.200000003       10.1999998       13.7473021       4.50000000      0.959314823       3.40856910       2.58782077       1.40129846E-45   0.00000000       1.64647079       1.40129846E-45   3.41105604      0.941350162       3.41105628       1.40129846E-45   0.00000000       1.87044845E-34  0.636238337       1.00000000     k_9_10_10                                                                          1.49045307E-02  0.119450256       2.85993796E-02   1.31200254E-03   1.49045307E-02  0.119450256       2.85993796E-02   1.31200254E-03
   90.0000000       0.00000000      0.219999999       10.1999998       13.7661390       4.50000000      0.951338828       3.45200253       1.57793069       1.40129846E-45   1.40129846E-45   1.17592895       1.40129846E-45   2.16589522      0.402001768       2.16589522       1.40129846E-45   0.00000000       1.87044845E-34  0.745234847       1.00000000     k_9_10_11                                                                          9.16728936E-03   7.20523596E-02   1.90514233E-02   9.57354903E-04   9.16728936E-03   7.20523596E-02   1.90514233E-02   9.57354903E-04
   90.0000000       0.00000000      0.239999995       10.1999998       13.7869682       4.50000000      0.942708850       3.49978185      0.994263172       1.40129846E-45   1.40129846E-45  0.840870857       1.40129846E-45   1.41469860      0.153392345       1.41469848       1.40129846E-45   0.00000000       1.87044845E-34  0.845722616       1.00000000     k_9_10_12                                                                          5.84843475E-03   4.49807644E-02   1.30299889E-02   7.10975379E-04   5.84843475E-03   4.49807644E-02   1.30299889E-02   7.10975379E-04
   90.0000000       0.00000000      0.259999990       10.1999998       13.8098507       4.50000000      0.933451176       3.55196691      0.647696435       1.40129846E-45   2.80259693E-45  0.601124823       1.40129846E-45  0.948258936       4.65716682E-02  0.948258936       1.40129846E-45   0.00000000       1.87044845E-34  0.928096533       1.00000000     k_9_10_13                                                                          3.87209584E-03   2.90751494E-02   9.16588586E-03   5.39035536E-04   3.87209584E-03   2.90751494E-02   9.16588586E-03   5.39035536E-04
   90.0000000       0.00000000      0.280000001       10.1999998       13.8348494       4.50000000      0.923593223       3.60863137      0.436686695       1.40129846E-45   2.80259693E-45  0.428942651       1.40129846E-45  0.651158094       7.74416560E-03  0.651158154       1.40129846E-45   0.00000000       1.87044845E-34  0.982266366       1.00000000     k_9_10_14                                                                          2.66356184E-03   1.94808356E-02   6.64556166E-03   4.18511219E-04   2.66356184E-03   1.94808356E-02   6.64556166E-03   4.18511219E-04
   90.0000000       0.00000000      0.300000012       10.1999998       13.8620405       4.50000000      0.913163245       3.66985178      0.304987073       1.40129846E-45   4.20389539E-45  0.304965705       1.40129846E-45  0.457469970       2.13413496E-05  0.457469910       1.40129846E-45   0.00000000       1.87044845E-34  0.999929965       1.00000000     k_9_10_15                                                                          1.90550298E-03   1.35417143E-02   4.97452170E-03   3.33595090E-04   1.90550298E-03   1.35417143E-02   4.97452170E-03   3.33595090E-04
   90.0000000       0.00000000      0.319999993       10.1999998       13.8915062       4.50000000      0.902190328       3.73571634      0.220647454       1.40129846E-45   7.00649232E-45  0.215583414       1.40129846E-45  0.328439146       5.06400829E-03  0.328439146       1.40129846E-45   0.00000000       1.87044845E-34  0.977049172       1.00000000     k_9_10_16                                                                          1.41778472E-03   9.76605993E-03   3.84687772E-03   2.73340382E-04   1.41778472E-03   9.76605993E-03   3.84687772E-03   2.73340382E-04
   90.0000000       0.00000000      0.340000004       10.1999998       13.9233360       4.50000000      0.890704274       3.80632377      0.165111780       1.40129846E-45   8.40779079E-45  0.151135400       1.40129846E-45  0.240679488       1.39764044E-02  0.240679458       1.40129846E-45   0.00000000       1.87044845E-34  0.915351987       1.00000000     k_9_10_17                                                                          1.09559903E-03   7.29643041E-03   3.07037029E-03   2.30127480E-04   1.09559903E-03   7.29643041E-03   3.07037029E-03   2.30127480E-04
   90.0000000       0.00000000      0.360000014       10.1999998       13.9576359       4.50000000      0.878735006       3.88178229      0.127412632       1.40129846E-45   1.12103877E-44  0.104722574       1.40129846E-45  0.179773942       2.26900633E-02  0.179773897       1.40129846E-45   0.00000000       1.87044845E-34  0.821916759       1.00000000     k_9_10_18                                                                          8.76704638E-04   5.63055184E-03   2.52280454E-03   1.98649475E-04   8.76704638E-04   5.63055184E-03   2.52280454E-03   1.98649475E-04
   90.0000000       0.00000000      0.379999995       10.1999998       13.9945154       4.50000000      0.866312802       3.96221232      0.100971811       1.40129846E-45   1.40129846E-44   7.13946372E-02   1.40129846E-45  0.136669129       2.95771677E-02  0.136669129       1.40129846E-45   0.00000000       1.87044845E-34  0.707074940       1.00000000     k_9_10_19                                                                          7.23498582E-04   4.46942961E-03   2.12592003E-03   1.75216235E-04   7.23498582E-04   4.46942961E-03   2.12592003E-03   1.75216235E-04
   90.0000000       0.00000000      0.400000006       10.1999998       14.0341005       4.50000000      0.853468299       4.04774332       8.17828476E-02   1.40129846E-45   1.68155816E-44   4.75733913E-02   1.40129846E-45  0.105569549       3.42094563E-02  0.105569549       1.40129846E-45   0.00000000       1.87044845E-34  0.581703782       1.00000000     k_9_10_20                                                                          6.12838776E-04   3.63204628E-03   1.82911404E-03   1.57258590E-04   6.12838776E-04   3.63204628E-03   1.82911404E-03   1.57258590E-04
   90.0000000       0.00000000      0.419999987       10.1999998       14.0765333       4.50000000      0.840231299       4.13852358       6.73758090E-02   1.40129846E-45   2.10194770E-44   3.06597892E-02   1.40129846E-45   8.27057064E-02   3.67160253E-02   8.27057064E-02   1.40129846E-45   0.00000000       1.87044845E-34  0.455056340       1.00000000     k_9_10_21                                                                          5.30273304E-04   3.00727040E-03   1.59952079E-03   1.43000972E-04   5.30273304E-04   3.00727040E-03   1.59952079E-03   1.43000972E-04
   90.0000000       0.00000000      0.439999998       10.1999998       14.1219654       4.50000000      0.826631963       4.23471069       5.62095679E-02   1.40129846E-45   2.52233724E-44   1.87676027E-02   1.40129846E-45   6.55933619E-02   3.74419689E-02   6.55933619E-02   1.40129846E-45   0.00000000       1.87044845E-34  0.333886266       1.00000000     k_9_10_22                                                                          4.66654776E-04   2.52593448E-03   1.41574466E-03   1.31229754E-04   4.66654776E-04   2.52593448E-03   1.41574466E-03   1.31229754E-04
   90.0000000       0.00000000      0.460000008       10.1999998       14.1705685       4.50000000      0.812699676       4.33647871       4.73083369E-02   1.40129846E-45   2.94272678E-44   1.05131185E-02   1.40129846E-45   5.25648892E-02   3.67952175E-02   5.25648892E-02   1.40129846E-45   0.00000000       1.87044845E-34  0.222225487       1.00000000     k_9_10_23                                                                          4.16100171E-04   2.14427896E-03   1.26379367E-03   1.21120014E-04   4.16100171E-04   2.14427896E-03   1.26379367E-03   1.21120014E-04
   90.0000000       0.00000000      0.479999989       10.1999998       14.2225370       4.50000000      0.798463106       4.44402266       4.00446765E-02   1.40129846E-45   3.50324616E-44   4.88377549E-03   1.40129846E-45   4.24865671E-02   3.51608992E-02   4.24865671E-02   1.40129846E-45   0.00000000       1.87044845E-34  0.121958174       1.00000000     k_9_10_24                                                                          3.74773517E-04   1.83415704E-03   1.13450736E-03   1.12123671E-04   3.74773517E-04   1.83415704E-03   1.13450736E-03   1.12123671E-04
   90.0000000       0.00000000      0.500000000       10.1999998       14.2780800       4.50000000      0.783950746       4.55755043       3.40077430E-02   1.40129846E-45   4.06376555E-44   1.14062661E-03   1.40129846E-45   3.45780551E-02   3.28671150E-02   3.45780551E-02   1.40129846E-45   0.00000000       1.87044845E-34   3.35402042E-02   1.00000000     k_9_10_25                                                                          3.40138067E-04   1.57712051E-03   1.02188473E-03   1.03885890E-04   3.40138067E-04   1.57712051E-03   1.02188473E-03   1.03885890E-04
   90.0000000       0.00000000      0.519999981       10.1999998       14.3374367       4.50000000      0.769190192       4.67728806       2.89212391E-02   1.40129846E-45   4.90454463E-44  -1.25621201E-03   1.40129846E-45   2.82931309E-02   3.01774498E-02   2.82931309E-02   1.40129846E-45   0.00000000       1.87044845E-34  -4.34356220E-02   1.00000000     k_9_10_26                                                                          3.10479372E-04   1.36075658E-03   9.21959116E-04   9.61815240E-05   3.10479372E-04   1.36075658E-03   9.21959116E-04   9.61815240E-05
   90.0000000       0.00000000      0.540000021       10.1999998       14.4008684       4.50000000      0.754208088       4.80348825       2.45970972E-02   1.40129846E-45   5.74532370E-44  -2.70733866E-03   1.40129846E-45   2.32434291E-02   2.73044333E-02   2.32434236E-02   1.40129846E-45   0.00000000       1.87044845E-34 -0.110067405       1.00000000     k_9_10_27                                                                          2.84654729E-04   1.17664097E-03   8.32199235E-04   8.88853101E-05   2.84654729E-04   1.17664097E-03   8.32199235E-04   8.88853101E-05
   90.0000000       0.00000000      0.560000002       10.1999998       14.4686718       4.50000000      0.739029944       4.93642521       2.08959412E-02   1.40129846E-45   6.72623263E-44  -3.49699846E-03   1.40129846E-45   1.91474427E-02   2.43929401E-02   1.91474427E-02   1.40129846E-45   0.00000000       1.87044845E-34 -0.167353004       1.00000000     k_9_10_28                                                                          2.61810521E-04   1.01854396E-03   7.50751758E-04   8.19131383E-05   2.61810521E-04   1.01854396E-03   7.50751758E-04   8.19131383E-05
   90.0000000       0.00000000      0.579999983       10.1999998       14.5411806       4.50000000      0.723680794       5.07639647       1.77194532E-02   1.40129846E-45   7.84727140E-44  -3.83722107E-03   1.40129846E-45   1.58008412E-02   2.15566736E-02   1.58008412E-02   1.40129846E-45   0.00000000       1.87044845E-34 -0.216554150       1.00000000     k_9_10_29                                                                          2.41396046E-04   8.82132212E-04   6.76521973E-04   7.52400083E-05   2.41396046E-04   8.82132212E-04   6.76521973E-04   7.52400083E-05
   90.0000000       0.00000000      0.600000024       10.1999998       14.6187649       4.50000000      0.708184361       5.22372818       1.49879083E-02   1.40129846E-45   9.38869971E-44  -3.87714594E-03   1.40129846E-45   1.30493343E-02   1.88650526E-02   1.30493343E-02   1.40129846E-45   0.00000000       1.87044845E-34 -0.258684933       1.00000000     k_9_10_30                                                                          2.22962073E-04   7.63918273E-04   6.08608010E-04   6.88483124E-05   2.22962073E-04   7.63918273E-04   6.08608010E-04   6.88483124E-05
   90.0000000       0.00000000      0.620000005       10.1999998       14.7018442       4.50000000      0.692563534       5.37877369       1.26422700E-02   1.40129846E-45   1.10702579E-43  -3.72864399E-03   1.40129846E-45   1.07779475E-02   1.63709130E-02   1.07779466E-02   1.40129846E-45   0.00000000       1.87044845E-34 -0.294934690       1.00000000     k_9_10_31                                                                          2.06240686E-04   6.61401893E-04   5.46534546E-04   6.27564441E-05   2.06240686E-04   6.61401893E-04   5.46534546E-04   6.27564441E-05
   90.0000000       0.00000000      0.639999986       10.1999998       14.7908926       4.50000000      0.676839828       5.54192829       1.06282961E-02   1.40129846E-45   1.31722056E-43  -3.46502219E-03   1.40129846E-45   8.89578555E-03   1.40933180E-02   8.89578462E-03   1.40129846E-45   0.00000000       1.87044845E-34 -0.326018602       1.00000000     k_9_10_32                                                                          1.90948704E-04   5.72281657E-04   4.89717990E-04   5.69615222E-05   1.90948704E-04   5.72281657E-04   4.89717990E-04   5.69615222E-05
   90.0000000       0.00000000      0.660000026       10.1999998       14.8864489       4.50000000      0.661034167       5.71360826       8.90175812E-03   1.40129846E-45   1.56945428E-43  -3.13897850E-03   1.40129846E-45   7.33226910E-03   1.20407371E-02   7.33226910E-03   1.40129846E-45   0.00000000       1.87044845E-34 -0.352624565       1.00000000     k_9_10_33                                                                          1.76878923E-04   4.94723266E-04   4.37730050E-04   5.14701969E-05   1.76878923E-04   4.94723266E-04   4.37730050E-04   5.14701969E-05
   90.0000000       0.00000000      0.680000007       10.1999998       14.9891186       4.50000000      0.645165920       5.89428520       7.42772361E-03   1.40129846E-45   1.89175293E-43  -2.78950995E-03   1.40129846E-45   6.03296841E-03   1.02172336E-02   6.03296934E-03   1.40129846E-45   0.00000000       1.87044845E-34 -0.375553817       1.00000000     k_9_10_34                                                                          1.63927005E-04   4.27353341E-04   3.90355504E-04   4.63071337E-05   1.63927005E-04   4.27353341E-04   3.90355504E-04   4.63071337E-05
   90.0000000       0.00000000      0.699999988       10.1999998       15.0996056       4.50000000      0.629253983       6.08446217       6.17370335E-03   1.40129846E-45   2.27010351E-43  -2.44095922E-03   1.40129846E-45   4.95322328E-03   8.61466210E-03   4.95322281E-03   1.40129846E-45   0.00000000       1.87044845E-34 -0.395380050       1.00000000     k_9_10_35                                                                          1.51982036E-04   3.68893496E-04   3.47312889E-04   4.14834794E-05   1.51982036E-04   3.68893496E-04   3.47312889E-04   4.14834794E-05
   90.0000000       0.00000000      0.720000029       10.1999998       15.2187080       4.50000000      0.613315225       6.28470325       5.10874111E-03   1.40129846E-45   2.74654499E-43  -2.10682349E-03   1.40129846E-45   4.05533006E-03   7.21556367E-03   4.05533006E-03   1.40129846E-45   0.00000000       1.87044845E-34 -0.412395835       1.00000000     k_9_10_36                                                                          1.40892604E-04   3.18092876E-04   3.08199669E-04   3.69896443E-05   1.40892604E-04   3.18092876E-04   3.08199669E-04   3.69896443E-05
   90.0000000       0.00000000      0.740000010       10.1999998       15.3473511       4.50000000      0.597366512       6.49561357       4.20836452E-03   1.40129846E-45   3.33509035E-43  -1.79721240E-03   1.40129846E-45   3.30975861E-03   6.00557728E-03   3.30975838E-03   1.40129846E-45   0.00000000       1.87044845E-34 -0.427057207       1.00000000     k_9_10_37                                                                          1.30591972E-04   2.74023041E-04   2.72789504E-04   3.28316382E-05   1.30591972E-04   2.74023041E-04   2.72789504E-04   3.28316382E-05
   90.0000000       0.00000000      0.759999990       10.1999998       15.4866018       4.50000000      0.581423342       6.71786547       3.45054595E-03   1.40129846E-45   4.06376555E-43  -1.51720736E-03   1.40129846E-45   2.69194250E-03   4.96775331E-03   2.69194227E-03   1.40129846E-45   0.00000000       1.87044845E-34 -0.439700663       1.00000000     k_9_10_38                                                                          1.21020312E-04   2.35851883E-04   2.40845635E-04   2.90093230E-05   1.21020312E-04   2.35851883E-04   2.40845635E-04   2.90093230E-05
   90.0000000       0.00000000      0.779999971       10.1999998       15.6377077       4.50000000      0.565499723       6.95220041       2.81558302E-03   1.40129846E-45   4.97460955E-43  -1.26877706E-03   1.40129846E-45   2.18119496E-03   4.08436032E-03   2.18119496E-03   1.40129846E-45   0.00000000       1.87044845E-34 -0.450626761       1.00000000     k_9_10_39                                                                          1.12122660E-04   2.02836760E-04   2.12125524E-04   2.55171981E-05   1.12122660E-04   2.02836760E-04   2.12125524E-04   2.55171981E-05
   90.0000000       0.00000000      0.800000012       10.1999998       15.8021259       4.50000000      0.549609363       7.19942856       2.28477106E-03   1.40129846E-45   6.13768727E-43  -1.05085317E-03   1.40129846E-45   1.75934436E-03   3.33562423E-03   1.75934436E-03   1.40129846E-45   0.00000000       1.87044845E-34 -0.459938049       1.00000000     k_9_10_40                                                                          1.03794111E-04   1.74225177E-04   1.86287711E-04   2.23336247E-05   1.03794111E-04   1.74225177E-04   1.86287711E-04   2.23336247E-05
   90.0000000       0.00000000      0.819999993       10.1999998       15.9815741       4.50000000      0.533764958       7.46044636       1.84397120E-03   1.40129846E-45   7.59503768E-43  -8.62855930E-04   1.40129846E-45   1.41254335E-03   2.70682736E-03   1.41254347E-03   1.40129846E-45   0.00000000       1.87044845E-34 -0.467933506       1.00000000     k_9_10_41                                                                          9.60325124E-05   1.49520580E-04   1.63182660E-04   1.94563327E-05   9.60325124E-05   1.49520580E-04   1.63182660E-04   1.94563327E-05
   90.0000000       0.00000000      0.839999974       10.1999998       16.1781082       4.50000000      0.517977595       7.73624849       1.47982093E-03   1.40129846E-45   9.47277762E-43  -7.02605525E-04   1.40129846E-45   1.12851826E-03   2.18242663E-03   1.12851837E-03   1.40129846E-45   0.00000000       1.87044845E-34 -0.474790901       1.00000000     k_9_10_42                                                                          8.88044451E-05   1.28222018E-04   1.42594392E-04   1.68717015E-05   8.88044451E-05   1.28222018E-04   1.42594392E-04   1.68717015E-05
   90.0000000       0.00000000      0.860000014       10.1999998       16.3941746       4.50000000      0.502258301       8.02793598       1.17981271E-03   1.40129846E-45   1.18830110E-42  -5.66965609E-04   1.40129846E-45   8.96329817E-04   1.74677826E-03   8.96329817E-04   1.40129846E-45   0.00000000       1.87044845E-34 -0.480555594       1.00000000     k_9_10_43                                                                          8.20253554E-05   1.09813780E-04   1.24229991E-04   1.45541198E-05   8.20253554E-05   1.09813780E-04   1.24229991E-04   1.45541198E-05
   90.0000000       0.00000000      0.879999995       10.1999998       16.6327343       4.50000000      0.486617029       8.33672237       9.34530282E-04   1.40129846E-45   1.49938936E-42  -4.53634246E-04   1.40129846E-45   7.07713247E-04   1.38816459E-03   7.07713247E-04   1.40129846E-45   0.00000000       1.87044845E-34 -0.485414177       1.00000000     k_9_10_44                                                                          7.57061862E-05   9.39693127E-05   1.07955937E-04   1.24943290E-05   7.57061862E-05   9.39693127E-05   1.07955937E-04   1.24943290E-05
   90.0000000       0.00000000      0.899999976       10.1999998       16.8974152       4.50000000      0.471062779       8.66397381       7.34804431E-04   1.40129846E-45   1.90716721E-42  -3.59638594E-04   1.40129846E-45   5.54985076E-04   1.09444291E-03   5.54985076E-04   1.40129846E-45   0.00000000       1.87044845E-34 -0.489434451       1.00000000     k_9_10_45                                                                          6.97884752E-05   8.03102230E-05   9.35373100E-05   1.06691878E-05   6.97884752E-05   8.03102230E-05   9.35373100E-05   1.06691878E-05
   90.0000000       0.00000000      0.920000017       10.1999998       17.1926842       4.50000000      0.455603838       9.01120186       5.73383295E-04   1.40129846E-45   2.44386452E-42  -2.82517169E-04   1.40129846E-45   4.32124769E-04   8.55900464E-04   4.32124740E-04   1.40129846E-45   0.00000000       1.87044845E-34 -0.492719561       1.00000000     k_9_10_46                                                                          6.42715531E-05   6.85707128E-05   8.08302721E-05   9.06430614E-06   6.42715531E-05   6.85707128E-05   8.08302721E-05   9.06430614E-06
   90.0000000       0.00000000      0.939999998       10.1999998       17.5241375       4.50000000      0.440247864       9.38009930       4.43635305E-04   1.40129846E-45   3.15852674E-42  -2.19743408E-04   1.40129846E-45   3.33763601E-04   6.63378800E-04   3.33763630E-04   1.40129846E-45   0.00000000       1.87044845E-34 -0.495324433       1.00000000     k_9_10_47                                                                          5.91165444E-05   5.84749323E-05   6.96470452E-05   7.65894583E-06   5.91165444E-05   5.84749323E-05   6.96470452E-05   7.65894583E-06
   90.0000000       0.00000000      0.959999979       10.1999998       17.8988609       4.50000000      0.425002128       9.77256489       3.39816528E-04   1.40129846E-45   4.12402138E-42  -1.68981918E-04   1.40129846E-45   2.55325576E-04   5.08798403E-04   2.55325576E-04   1.40129846E-45   0.00000000       1.87044845E-34 -0.497273982       1.00000000     k_9_10_48                                                                          5.42629750E-05   4.97635629E-05   5.97904545E-05   6.43050043E-06   5.42629750E-05   4.97635629E-05   5.97904545E-05   6.43050043E-06
   90.0000000       0.00000000      0.980000019       10.1999998       18.3260174       4.50000000      0.409872204       10.1907549       2.57874286E-04   1.40129846E-45   5.43423544E-42  -1.28604501E-04   1.40129846E-45   1.93572021E-04   3.86478758E-04   1.93572021E-04   1.40129846E-45   0.00000000       1.87044845E-34 -0.498710066       1.00000000     k_9_10_49                                                                          4.97860383E-05   4.23306883E-05   5.12239421E-05   5.37302185E-06   4.97860383E-05   4.23306883E-05   5.12239421E-05   5.37302185E-06
   90.0000000       0.00000000       1.00000000       10.1999998       18.8176231       4.50000000      0.394864291       10.6370745       1.93243482E-04   1.40129846E-45   7.25171955E-42  -9.65408472E-05   1.40129846E-45   1.44973077E-04   2.89784337E-04   1.44973077E-04   1.40129846E-45   0.00000000       1.87044845E-34 -0.499581397       1.00000000     k_9_10_50                                                                          4.55613845E-05   3.59136757E-05   4.37027011E-05   4.45765363E-06   4.55613845E-05   3.59136757E-05   4.37027011E-05   4.45765363E-06
