 #! thr0[f,0]/ phr0[f,1]/ pr[f,2]/ ei[f,3]/ th_e[f,4]/ q2[f,5]/ x[f,6]/ plab[f,7]/ crs0[f,8]/ crs12[f,9]/  ratio[f,10]/ crs_ten0[f,11]/ crs_ten12[f,12]/  crs_pol0_-1[f,13]/ crs_pol0_0[f,14]/ crs_pol0_1[f,15]/ crs_pol12_-1[f,16]/ crs_pol12_0[f,17]/ crs_pol12_1[f,18]/ asym0[f,19]/ asym12[f,20]/ ID[s,21]/ w_l[f,22]/ w_t[f,23]/ w_lt[f,24]/ w_tt[f,25]/ w_l_pwia[f,26]/ w_t_pwia[f,27]/ w_lt_pwia[f,28]/ w_tt_pwia[f,29]/ 
   99.0000000       0.00000000       0.00000000       10.5419998       8.11460114       2.00000000      0.998138309       1.77204096       85700.3906       83735.0312      0.977067113     -0.636737764      -360.714844       85700.0781       85701.0234       85700.0781       83554.6797       84095.7578       83554.6797      -7.42981183E-06  -4.30781301E-03 k_33_0_0                                                                           128.477844       726.092346       1.52074819E-04   3.05175781E-04   131.565887       743.044067       1.38777878E-17   0.00000000    
   99.0000000       0.00000000       2.99999993E-02   10.5419998       8.11907578       2.00000000      0.988490820       1.79557943       42434.1602       41032.1602      0.966960609       605.688965       340.944336       42737.0039       41828.4727       42737.0039       41202.6406       40691.2266       41202.6406       1.42736174E-02   8.30919761E-03 k_33_0_1                                                                           60.8603516       341.594177       13.4985847      0.136245728       63.0399895       353.484650       13.7431421      0.137878418    
   99.0000000       0.00000000       5.99999987E-02   10.5419998       8.12489796       2.00000000      0.976234674       1.82605517       11252.1543       10607.8682      0.942741096       640.278503       503.595215       11572.2930       10611.8760       11572.2930       10859.6641       10104.2715       10859.6641       5.69027476E-02   4.74737436E-02 k_33_0_2                                                                           15.2868681       85.0506821       6.84166098      0.137916565       16.2835369       90.4423370       7.06222010      0.141155243    
   99.0000000       0.00000000       9.00000036E-02   10.5419998       8.13211632       2.00000000      0.961489320       1.86360455       3215.39673       2899.40137      0.901724279       408.811951       332.201416       3419.80273       2806.58496       3419.80298       3065.50220       2567.19971       3065.50220      0.127141997      0.114575863     k_33_0_3                                                                           4.07406569       22.4407387       2.77687788       8.38041306E-02   4.56249714       25.0420570       2.94782472       8.79373550E-02
   99.0000000       0.00000000      0.119999997       10.5419998       8.14077663       2.00000000      0.944426954       1.90831780       1083.37976       931.514771      0.859822929       241.799347       198.266632       1204.27942       841.580505       1204.27942       1030.64807       733.248230       1030.64819      0.223189831      0.212843254     k_33_0_4                                                                           1.28337681       6.97731543       1.18094003       4.74443436E-02   1.51715767       8.20894718       1.29590964       5.12475967E-02
   99.0000000       0.00000000      0.150000006       10.5419998       8.15093899       2.00000000      0.925228357       1.96034455       417.795532       330.170837      0.790268958       142.651886       113.764923       489.121552       275.143707       489.121552       387.053162       216.405884       387.053345      0.341439486      0.344563812     k_33_0_5                                                                          0.447007596       2.39017725      0.528167963       2.65072584E-02  0.581203461       3.09228849      0.614235342       3.01610231E-02
   99.0000000       0.00000000      0.180000007       10.5419998       8.16266441       2.00000000      0.904102564       2.01983142       178.673416       142.816208      0.799314260       84.9777298       70.1798706       221.162277       93.6956940       221.162277       177.906082       72.6363373       177.906204      0.475603670      0.491399914     k_33_0_6                                                                          0.194047421       1.02050424      0.262447983       1.54771805E-02  0.248539537       1.29685998      0.311399132       1.82088017E-02
   99.0000000       0.00000000      0.209999993       10.5419998       8.17603970       2.00000000      0.881259263       2.08699059       82.9908447       66.4039230      0.800135553       51.0889320       42.6533051       108.535316       31.9019184       108.535301       87.7305756       23.7506199       87.7305679      0.615597188      0.642331123     k_33_0_7                                                                           9.15820003E-02  0.472015381      0.136639535       9.18461382E-03  0.116210617      0.593025565      0.167474449       1.13253295E-02
   99.0000000       0.00000000      0.239999995       10.5419998       8.19115257       2.00000000      0.856922209       2.16205049       41.3650322       34.1936607      0.826632023       30.8999920       26.1198940       56.8150330       10.4650393       56.8150215       47.2535477       8.07376862       47.2536736      0.747007549      0.763881207     k_33_0_8                                                                           4.86120135E-02  0.245449394       7.61271194E-02   5.65256923E-03   5.87102398E-02  0.292127609       9.51131433E-02   7.27806985E-03
   99.0000000       0.00000000      0.270000011       10.5419998       8.20810986       2.00000000      0.831312299       2.24529791       21.9786644       19.0836182      0.868279219       18.7314587       15.9754438       31.3443985       3.24720502       31.3443985       27.0713310       3.10817480       27.0713558      0.852256477      0.837128639     k_33_0_9                                                                           2.82305926E-02  0.139614791       4.53500636E-02   3.65372747E-03   3.18446159E-02  0.154003918       5.69409244E-02   4.84695286E-03
   99.0000000       0.00000000      0.300000012       10.5419998       8.22703934       2.00000000      0.804644942       2.33708286       12.3981276       11.3351450      0.914262652       11.3387938       9.69246006       18.0675240       1.05933487       18.0675240       16.1813240       1.64268386       16.1814270      0.914556980      0.855080366     k_33_0_10                                                                          1.75670758E-02   8.47568810E-02   2.88095903E-02   2.48807296E-03   1.84743255E-02   8.65362212E-02   3.59055586E-02   3.35316360E-03
   99.0000000       0.00000000      0.330000013       10.5419998       8.24808407       2.00000000      0.777130067       2.43781137       7.39328194       6.90367365      0.933776617       6.82619667       5.74501705       10.8063812      0.567084670       10.8063803       9.77615261       1.15865636       9.77620983      0.923297226      0.832168102     k_33_0_11                                                                          1.11407675E-02   5.24052978E-02   1.92272458E-02   1.78959593E-03   1.14186313E-02   5.16121089E-02   2.38026753E-02   2.41060741E-03
   99.0000000       0.00000000      0.360000014       10.5419998       8.27141476       2.00000000      0.748966873       2.54796243       4.63369656       4.60992146      0.994869113       4.06919193       3.46277022       6.66829252      0.564504266       6.66829252       6.34129381       1.14715064       6.34132051      0.878174007      0.751156032     k_33_0_12                                                                          7.85178784E-03   3.59250978E-02   1.38409855E-02   1.38008408E-03   7.47906324E-03   3.24887782E-02   1.65225063E-02   1.79652311E-03
   99.0000000       0.00000000      0.389999986       10.5419998       8.29722786       2.00000000      0.720339239       2.66810870       3.02910423       2.91466522      0.962220192       2.38908219       1.92680943       4.22364521      0.640022337       4.22364521       3.87806749      0.987855792       3.87807298      0.788709164      0.661073983     k_33_0_13                                                                          5.13056386E-03   2.28431933E-02   9.91802104E-03   1.06374081E-03   5.15436009E-03   2.14243978E-02   1.19345449E-02   1.38095487E-03
   99.0000000       0.00000000      0.419999987       10.5419998       8.32575512       2.00000000      0.691417277       2.79891610       2.04791760       1.94764495      0.951036751       1.37192106       1.06419218       2.73387790      0.675996721       2.73387790       2.47973680      0.883452833       2.47974539      0.669910312      0.546399474     k_33_0_14                                                                          3.57931736E-03   1.54560711E-02   7.43556023E-03   8.60608649E-04   3.70812416E-03   1.46787670E-02   8.90473556E-03   1.08779175E-03
   99.0000000       0.00000000      0.449999988       10.5419998       8.35726833       2.00000000      0.662356138       2.94115663       1.41947472       1.32583153      0.934029698      0.762254596      0.559119046       1.80060220      0.657220364       1.80060244       1.60538578      0.766712606       1.60539687      0.536997676      0.421711981     k_33_0_15                                                                          2.55780551E-03   1.06947757E-02   5.67744672E-03   6.98770862E-04   2.76219193E-03   1.03609003E-02   6.80982275E-03   8.71817116E-04
   99.0000000       0.00000000      0.479999989       10.5419998       8.39208984       2.00000000      0.633292973       3.09574294       1.00109601      0.920769036      0.919760942      0.402645528      0.284675181       1.20241857      0.598450303       1.20241868       1.06310844      0.636093736       1.06310463      0.402204722      0.309171110     k_33_0_16                                                                          1.88943208E-03   7.57754222E-03   4.41799499E-03   5.74089587E-04   2.11575977E-03   7.47973844E-03   5.30178379E-03   7.06469407E-04
   99.0000000       0.00000000      0.509999990       10.5419998       8.43059349       2.00000000      0.604350984       3.26372266      0.713881850      0.643039763      0.900764942      0.195222437      0.129952729      0.811493099      0.518659413      0.811493039      0.708015323      0.513087094      0.708016992      0.273466021      0.202091277     k_33_0_17                                                                          1.41022354E-03   5.43949753E-03   3.44844232E-03   4.73202439E-04   1.65709434E-03   5.49015403E-03   4.17894963E-03   5.75815560E-04
   99.0000000       0.00000000      0.540000021       10.5419998       8.47323513       2.00000000      0.575635493       3.44633293      0.512155056      0.453459501      0.885394931       7.94839039E-02   3.62156481E-02  0.551896989      0.432671189      0.551896989      0.471565872      0.417243868      0.471568763      0.155194998       7.98652321E-02 k_33_0_18                                                                          1.06144173E-03   3.99482390E-03   2.70574540E-03   3.87258478E-04   1.32131460E-03   4.07845248E-03   3.32037848E-03   4.70125466E-04
   99.0000000       0.00000000      0.569999993       10.5419998       8.52054882       2.00000000      0.547239244       3.64500046      0.368267983      0.319554001      0.867721379       1.81223918E-02  -8.87982361E-03  0.377329201      0.350145608      0.377329141      0.315113008      0.328433812      0.315115124       4.92097959E-02  -2.77881790E-02 k_33_0_19                                                                          8.12446000E-04   2.94990744E-03   2.12299475E-03   3.14935460E-04   1.06927322E-03   3.05622094E-03   2.65109888E-03   3.83344479E-04
   99.0000000       0.00000000      0.600000024       10.5419998       8.57319260       2.00000000      0.519237459       3.86142135      0.264576733      0.224822372      0.849743545      -1.17017152E-02  -2.26493739E-02  0.258725882      0.276278436      0.258725882      0.213497579      0.247471690      0.213497728      -4.42280583E-02 -0.100743413     k_33_0_20                                                                          6.34729338E-04   2.18439847E-03   1.66891527E-03   2.54358281E-04   8.76015110E-04   2.30421498E-03   2.12178077E-03   3.11428332E-04
   99.0000000       0.00000000      0.629999995       10.5419998       8.63195419       2.00000000      0.491695702       4.09756136      0.189456791      0.157795936      0.832886159      -2.38181800E-02  -2.67669540E-02  0.177547678      0.213274971      0.177547678      0.144412681      0.184562877      0.144412190     -0.125718266     -0.169630185     k_33_0_21                                                                          5.18140267E-04   1.60608871E-03   1.32406887E-03   2.02610507E-04   7.25247490E-04   1.74465810E-03   1.69917545E-03   2.51622987E-04
   99.0000000       0.00000000      0.660000026       10.5419998       8.69780159       2.00000000      0.464667141       4.35574198      0.135135427      0.110302821      0.816239119      -2.65152976E-02  -2.59387568E-02  0.121877767      0.161650717      0.121877767       9.73331332E-02  0.136241600       9.73337665E-02 -0.196212783     -0.235159501     k_33_0_22                                                                          4.28730506E-04   1.18544255E-03   1.04954164E-03   1.60450698E-04   6.06738729E-04   1.32666621E-03   1.36164995E-03   2.02193332E-04
   99.0000000       0.00000000      0.689999998       10.5419998       8.77194214       2.00000000      0.438193232       4.63872051       9.57645699E-02   7.66506046E-02  0.800406694      -2.45933719E-02  -2.36332156E-02   8.34678933E-02  0.120357953       8.34678784E-02   6.48338422E-02  0.100283831       6.48341551E-02 -0.256810755     -0.308323920     k_33_0_23                                                                          3.51585040E-04   8.86591035E-04   8.24881718E-04   1.25996856E-04   5.11910359E-04   1.01128500E-03   1.08988467E-03   1.61270495E-04
   99.0000000       0.00000000      0.720000029       10.5419998       8.85587978       2.00000000      0.412306815       4.94977570       6.73756525E-02   5.34605272E-02  0.793469548      -2.07830649E-02  -1.95932705E-02   5.69841117E-02   8.81587118E-02   5.69841117E-02   4.36638743E-02   7.30537921E-02   4.36639115E-02 -0.308465511     -0.366499752     k_33_0_24                                                                          2.97726132E-04   6.68996829E-04   6.55524200E-04   9.96020099E-05   4.35531227E-04   7.72841915E-04   8.71419325E-04   1.27667736E-04
   99.0000000       0.00000000      0.750000000       10.5419998       8.95152760       2.00000000      0.387033314       5.29282522       4.69830856E-02   3.71018648E-02  0.789685547      -1.65416691E-02  -1.53291738E-02   3.87122519E-02   6.35247603E-02   3.87122519E-02   2.94372551E-02   5.24310432E-02   2.94373054E-02 -0.352077127     -0.413164496     k_33_0_25                                                                          2.56614207E-04   5.07378601E-04   5.21918584E-04   7.78963004E-05   3.73297429E-04   5.91693562E-04   6.95491442E-04   1.00213540E-04
   99.0000000       0.00000000      0.779999971       10.5419998       9.06135082       2.00000000      0.362389624       5.67261219       3.24750766E-02   2.56180018E-02  0.788851142      -1.26007022E-02  -1.16388788E-02   2.61747278E-02   4.50757816E-02   2.61747260E-02   1.97987091E-02   3.72568853E-02   1.97984185E-02 -0.388011485     -0.454324216     k_33_0_26                                                                          2.24892836E-04   3.86635598E-04   4.16607945E-04   6.10939605E-05   3.22617358E-04   4.54350258E-04   5.54735598E-04   7.80664705E-05
   99.0000000       0.00000000      0.810000002       10.5419998       9.18858528       2.00000000      0.338387012       6.09490252       2.21869294E-02   1.75281949E-02  0.790023446      -9.25422553E-03  -8.50262586E-03   1.75598152E-02   3.14411558E-02   1.75598133E-02   1.32768489E-02   2.60308199E-02   1.32769123E-02 -0.417102575     -0.485082805     k_33_0_27                                                                          1.99423943E-04   2.95879319E-04   3.32543685E-04   4.72558895E-05   2.80629756E-04   3.49372858E-04   4.41527343E-04   6.02377550E-05
   99.0000000       0.00000000      0.839999974       10.5419998       9.33756161       2.00000000      0.315031528       6.56677914       1.49874669E-02   1.19115328E-02  0.794766247      -6.58093160E-03  -6.09112205E-03   1.16970018E-02   2.15683989E-02   1.16970018E-02   8.86597857E-03   1.80026554E-02   8.86596460E-03 -0.439095646     -0.511363387     k_33_0_28                                                                          1.78664675E-04   2.28259523E-04   2.66352028E-04   3.65472952E-05   2.46106734E-04   2.69522774E-04   3.51371942E-04   4.61084419E-05
   99.0000000       0.00000000      0.870000005       10.5419998       9.51421452       2.00000000      0.292324543       7.09703588       9.98873450E-03   8.02021660E-03  0.802926183      -4.53765737E-03  -4.24719928E-03   7.71990512E-03   1.45263905E-02   7.71990512E-03   5.89666888E-03   1.22674145E-02   5.89656504E-03 -0.454277515     -0.529561639     k_33_0_29                                                                          1.61746459E-04   1.77450391E-04   2.14110885E-04   2.80900422E-05   2.17526263E-04   2.08539830E-04   2.79567175E-04   3.49864131E-05
   99.0000000       0.00000000      0.899999976       10.5419998       9.72690105       2.00000000      0.270264119       7.69670916       6.54919306E-03   5.31734945E-03  0.811909080      -3.02735786E-03  -2.87093990E-03   5.03551401E-03   9.57655068E-03   5.03551355E-03   3.88188893E-03   8.18828866E-03   3.88186937E-03 -0.462248981     -0.539919376     k_33_0_30                                                                          1.47498868E-04   1.38387870E-04   1.72201369E-04   2.14076354E-05   1.93694228E-04   1.61750650E-04   2.22345916E-04   2.62906760E-05
   99.0000000       0.00000000      0.930000007       10.5419998       9.98782635       2.00000000      0.248844355       8.37987423       4.21742024E-03   3.46555188E-03  0.821723163      -1.94947794E-03  -1.87979487E-03   3.24268127E-03   6.16689818E-03   3.24268127E-03   2.52566673E-03   5.34534687E-03   2.52564275E-03 -0.462244183     -0.542422950     k_33_0_31                                                                          1.35575392E-04   1.08483735E-04   1.38843476E-04   1.61609132E-05   1.74072047E-04   1.25956096E-04   1.77111186E-04   1.95845023E-05
   99.0000000       0.00000000      0.959999979       10.5419998       10.3155394       2.00000000      0.228057444       9.16470146       2.65702209E-03   2.20963825E-03  0.831622064      -1.20445027E-03  -1.18820975E-03   2.05479702E-03   3.86147248E-03   2.05479702E-03   1.61553232E-03   3.39784799E-03   1.61553430E-03 -0.453308344     -0.537739515     k_33_0_32                                                                          1.25660736E-04   8.54176469E-05   1.12158596E-04   1.21420780E-05   1.58045412E-04   9.85126389E-05   1.41445285E-04   1.44594924E-05
   99.0000000       0.00000000      0.990000010       10.5419998       10.7397976       2.00000000      0.207893163       10.0751228       1.63234212E-03   1.37478393E-03  0.842215538      -7.09916232E-04  -7.20034586E-04   1.27738377E-03   2.34225835E-03   1.27738377E-03   1.01477257E-03   2.09481874E-03   1.01476081E-03 -0.434906512     -0.523743808     k_33_0_33                                                                          1.17914024E-04   6.78109500E-05   9.12800751E-05   9.05637535E-06   1.45531521E-04   7.76149536E-05   1.13683949E-04   1.06045482E-05
   99.0000000       0.00000000       1.01999998       10.5419998       11.3117704       2.00000000      0.188339636       11.1432486       9.68085602E-04   8.24666640E-04  0.851853013      -3.91645735E-04  -4.12088120E-04   7.72262807E-04   1.35973131E-03   7.72262807E-04   6.18624734E-04   1.23675470E-03   6.18620310E-04 -0.404556930     -0.499702662     k_33_0_34                                                                          1.12019065E-04   5.41241607E-05   7.47098748E-05   6.69848487E-06   1.36013288E-04   6.15628451E-05   9.20013699E-05   7.71410305E-06
   99.0000000       0.00000000       1.04999995       10.5419998       12.1282473       2.00000000      0.169383943       12.4131975       5.47910051E-04   4.71748266E-04  0.860995829      -1.98015885E-04  -2.19349866E-04   4.48902167E-04   7.45925936E-04   4.48902079E-04   3.62075400E-04   6.91098219E-04   3.62071238E-04 -0.361402184     -0.464972287     k_33_0_35                                                                          1.08366716E-04   4.35990805E-05   6.19343045E-05   4.96560460E-06   1.29796768E-04   4.93615662E-05   7.53844797E-05   5.58253487E-06
   99.0000000       0.00000000       1.08000004       10.5419998       13.3999567       2.00000000      0.151011467       13.9473534       2.86115886E-04   2.48294120E-04  0.867809653      -8.61571316E-05  -1.03030048E-04   2.43037372E-04   3.72273033E-04   2.43037386E-04   1.96779860E-04   3.51324154E-04   1.96778288E-04 -0.301126689     -0.414951622     k_33_0_36                                                                          1.06373940E-04   3.52360876E-05   5.16933396E-05   3.62345236E-06   1.26170446E-04   3.98070224E-05   6.23435408E-05   3.99300552E-06
   99.0000000       0.00000000       1.11000001       10.5419998       15.7045555       2.00000000      0.133207649       15.8367386       1.31129505E-04   1.14643255E-04  0.874275029      -2.95995669E-05  -4.04086895E-05   1.16329713E-04   1.60729061E-04   1.16329742E-04   9.44389540E-05   1.55051937E-04   9.44388594E-05 -0.225727737     -0.352473319     k_33_0_37                                                                          1.08015432E-04   2.90116022E-05   4.42866876E-05   2.66312964E-06   1.27118183E-04   3.27319212E-05   5.28896817E-05   2.85625174E-06
   99.0000000       0.00000000       1.13999999       10.5419998       21.5999584       2.00000000      0.115956888       18.2197533       4.27590894E-05   3.75720883E-05  0.878692448      -5.59075897E-06  -1.02648492E-05   3.99637102E-05   4.83498479E-05   3.99637065E-05   3.24396533E-05   4.78369438E-05   3.24396824E-05 -0.130750194     -0.273204118     k_33_0_38                                                                          1.13661925E-04   2.43025570E-05   3.89549205E-05   1.96404562E-06   1.33427340E-04   2.74419253E-05   4.61846612E-05   2.03772015E-06
