 #! thr0[f,0]/ phr0[f,1]/ pr[f,2]/ ei[f,3]/ th_e[f,4]/ q2[f,5]/ x[f,6]/ plab[f,7]/ crs0[f,8]/ crs12[f,9]/  ratio[f,10]/ crs_ten0[f,11]/ crs_ten12[f,12]/  crs_pol0_-1[f,13]/ crs_pol0_0[f,14]/ crs_pol0_1[f,15]/ crs_pol12_-1[f,16]/ crs_pol12_0[f,17]/ crs_pol12_1[f,18]/ asym0[f,19]/ asym12[f,20]/ ID[s,21]/ w_l[f,22]/ w_t[f,23]/ w_lt[f,24]/ w_tt[f,25]/ w_l_pwia[f,26]/ w_t_pwia[f,27]/ w_lt_pwia[f,28]/ w_tt_pwia[f,29]/ 
   99.0000000       0.00000000       0.00000000       10.5419998       15.8135653       5.90000010      0.998713613       3.97624922       615.976685       602.371948      0.977913558      -4.63148346E-03  -2.22523952       615.974365       615.981201       615.974365       601.259460       604.597290       601.259460      -7.51892640E-06  -3.69412871E-03 k_33_39_0                                                                          6.19487238       60.5753517       3.52239935E-04   3.81469727E-06   6.33847713       61.9413681      -4.33680869E-19   0.00000000    
   99.0000000       0.00000000       2.99999993E-02   10.5419998       15.8379602       5.90000010      0.991590142       4.02268600       299.525513       290.744507      0.970683634       4.27536535       2.70965552       301.663147       295.250092       301.663147       292.099335       288.034851       292.099335       1.42737934E-02   9.31971334E-03 k_33_39_1                                                                          2.95265889       28.5899429      0.990997076       5.86223602E-03   3.04534864       29.4667091       1.00716341       5.91754913E-03
   99.0000000       0.00000000       5.99999987E-02   10.5419998       15.8683090       5.90000010      0.982913375       4.08011770       78.0538330       73.6187210      0.943178833       4.44147682       3.58942389       80.2745514       73.6123428       80.2745819       75.4134216       70.0292969       75.4134445       5.69027364E-02   4.87569459E-02 k_33_39_2                                                                         0.742281139       7.09763050      0.501785576       5.91111183E-03  0.790113032       7.53889656      0.518164992       6.05440140E-03
   99.0000000       0.00000000       9.00000036E-02   10.5419998       15.9049702       5.90000010      0.972697139       4.14900112       21.9319496       19.8429413      0.904750466       2.78847003       2.30662656       23.3261833       19.1434765       23.3261833       20.9962540       17.5363140       20.9962540      0.127141908      0.116244189     k_33_39_3                                                                         0.200200185       1.87973952      0.204341352       3.59803438E-03  0.222751245       2.08718824      0.216573715       3.77154350E-03
   99.0000000       0.00000000      0.119999997       10.5419998       15.9482508       5.90000010      0.960993052       4.22964668       7.26922607       6.22151089      0.855869770       1.62241840       1.33124352       8.08043480       5.64680624       8.08043385       6.88713312       4.89026737       6.88713360      0.223189980      0.213974312     k_33_39_4                                                                          6.32647350E-02  0.580174088       8.66629779E-02   2.03439593E-03   7.46653527E-02  0.684077382       9.53475758E-02   2.19807029E-03
   99.0000000       0.00000000      0.150000006       10.5419998       15.9985466       5.90000010      0.947855830       4.32244921       2.75842690       2.22472095      0.806518018      0.941835523      0.761372447       3.22934461       1.81659114       3.22934461       2.60540652       1.46334875       2.60540819      0.341439366      0.342232794     k_33_39_5                                                                          2.30432544E-02  0.204755306       3.93393077E-02   1.14618242E-03   2.88889948E-02  0.257624507       4.52633761E-02   1.29358470E-03
   99.0000000       0.00000000      0.180000007       10.5419998       16.0563240       5.90000010      0.933346391       4.42787170       1.16092277      0.896890402      0.772566795      0.552139044      0.440571904       1.43699241      0.608783662       1.43699241       1.11717594      0.456318647       1.11717689      0.475603610      0.491221577     k_33_39_6                                                                          9.57048126E-03   8.20206851E-02   1.90783832E-02   6.58247620E-04   1.25027951E-02  0.108003132       2.29846034E-02   7.80977309E-04
   99.0000000       0.00000000      0.209999993       10.5419998       16.1221123       5.90000010      0.917537153       4.54640579      0.530662239      0.399144024      0.752162099      0.326674253      0.256782770      0.693999588      0.203988075      0.693999350      0.527535260      0.142361268      0.527535439      0.615597308      0.643333614     k_33_39_7                                                                          4.47491463E-03   3.65662798E-02   9.81194992E-03   3.90179455E-04   5.92939090E-03   4.93611917E-02   1.23820463E-02   4.85744327E-04
   99.0000000       0.00000000      0.239999995       10.5419998       16.1965256       5.90000010      0.900507331       4.67859936      0.260255218      0.195304006      0.750432611      0.194412619      0.150474548      0.357461542       6.58425987E-02  0.357461601      0.270541042       4.48294170E-02  0.270541459      0.747007549      0.770463169     k_33_39_8                                                                          2.32368335E-03   1.81241594E-02   5.36656752E-03   2.37465836E-04   3.04522249E-03   2.42977440E-02   7.04377610E-03   3.12156044E-04
   99.0000000       0.00000000      0.270000011       10.5419998       16.2803440       5.90000010      0.882329643       4.82516527      0.136021897      0.104613908      0.769096076      0.115925528       8.80453736E-02  0.193984658       2.00963505E-02  0.193984658      0.148636460       1.65685341E-02  0.148636729      0.852256358      0.841622055     k_33_39_9                                                                          1.32840860E-03   9.94639099E-03   3.13438987E-03   1.52876135E-04   1.68303505E-03   1.27967298E-02   4.22366196E-03   2.07885634E-04
   99.0000000       0.00000000      0.300000012       10.5419998       16.3744526       5.90000010      0.863086939       4.98685741       7.54395276E-02   6.01779632E-02  0.797698021       6.89937398E-02   5.11286408E-02  0.109936409       6.44579018E-03  0.109936409       8.57421905E-02   9.04932898E-03   8.57423916E-02  0.914556861      0.849623978     k_33_39_10                                                                         8.20156129E-04   5.89816179E-03   1.95797463E-03   1.01711834E-04   9.97225870E-04   7.18135573E-03   2.66735582E-03   1.43816462E-04
   99.0000000       0.00000000      0.330000013       10.5419998       16.4798851       5.90000010      0.842865348       5.16452312       4.42017131E-02   3.69814672E-02  0.836652339       4.08113264E-02   2.96225902E-02   6.46073744E-02   3.39039089E-03   6.46073744E-02   5.17927557E-02   7.35887606E-03   5.17927632E-02  0.923297405      0.801011741     k_33_39_11                                                                         5.39442466E-04   3.75471124E-03   1.30881323E-03   7.24165002E-05   6.30950090E-04   4.27605631E-03   1.77064294E-03   1.03390310E-04
   99.0000000       0.00000000      0.360000014       10.5419998       16.5979176       5.90000010      0.821745753       5.35919094       2.71977372E-02   2.30517536E-02  0.847561479       2.38843486E-02   1.58843193E-02   3.91399078E-02   3.31338914E-03   3.91399078E-02   3.09938621E-02   7.16743385E-03   3.09939627E-02  0.878174126      0.689072073     k_33_39_12                                                                         3.51383409E-04   2.43391166E-03   8.94452620E-04   5.42381313E-05   4.23943333E-04   2.68612429E-03   1.23048213E-03   7.70526240E-05
   99.0000000       0.00000000      0.389999986       10.5419998       16.7300167       5.90000010      0.799817026       5.57195568       1.74374226E-02   1.50220785E-02  0.861485004       1.37530556E-02   8.26126337E-03   2.43139509E-02   3.68436961E-03   2.43139509E-02   1.91526413E-02   6.76081749E-03   1.91527754E-02  0.788709223      0.549941421     k_33_39_13                                                                         2.43272239E-04   1.64391065E-03   6.53923955E-04   4.13529342E-05   3.00283835E-04   1.76679099E-03   8.89559684E-04   5.92287397E-05
   99.0000000       0.00000000      0.419999987       10.5419998       16.8780117       5.90000010      0.777159154       5.80415154       1.15481270E-02   1.00791641E-02  0.872796416       7.73620931E-03   3.96727677E-03   1.54162347E-02   3.81191936E-03   1.54162347E-02   1.20627675E-02   6.11188682E-03   1.20628374E-02  0.669910312      0.393611699     k_33_39_14                                                                         1.75631576E-04   1.13663427E-03   5.00115508E-04   3.83868464E-05   2.22371629E-04   1.20672362E-03   6.64066814E-04   4.66551865E-05
   99.0000000       0.00000000      0.449999988       10.5419998       17.0440807       5.90000010      0.753854156       6.05727243       7.82917254E-03   6.92764809E-03  0.884850621       4.20424668E-03   1.73466478E-03   9.93129518E-03   3.62492586E-03   9.93129518E-03   7.79496506E-03   5.19298203E-03   7.79499346E-03  0.536997557      0.250397354     k_33_39_15                                                                         1.33340654E-04   8.13537743E-04   3.92249029E-04   2.82759138E-05   1.70696949E-04   8.48560478E-04   5.07888501E-04   3.73920775E-05
   99.0000000       0.00000000      0.479999989       10.5419998       17.2309017       5.90000010      0.729981065       6.33303881       5.39125362E-03   4.83834511E-03  0.897443414       2.16838787E-03   6.55526295E-04   6.47544721E-03   3.22286552E-03   6.47544721E-03   5.16610639E-03   4.18281881E-03   5.16610919E-03  0.402204752      0.135485649     k_33_39_16                                                                         1.02052647E-04   5.96637838E-04   3.10095493E-04   2.35164189E-05   1.34815418E-04   6.09865994E-04   3.95262759E-04   3.03003471E-05
   99.0000000       0.00000000      0.509999990       10.5419998       17.4417744       5.90000010      0.705616415       6.63343096       3.74594750E-03   3.36813158E-03  0.899140120       1.02438941E-03   1.16477255E-04   4.25814278E-03   2.72155902E-03   4.25814325E-03   3.42636555E-03   3.25165479E-03   3.42637626E-03  0.273466021       3.45821567E-02 k_33_39_17                                                                         7.92766514E-05   4.38260031E-04   2.45646457E-04   1.94933527E-05   1.08874337E-04   4.45311394E-04   3.11259180E-04   2.46966083E-05
   99.0000000       0.00000000      0.540000021       10.5419998       17.6808338       5.90000010      0.680831671       6.96075821       2.61203642E-03   2.32814043E-03  0.891312420       4.05374682E-04  -1.28409403E-04   2.81472364E-03   2.20666151E-03   2.81472341E-03   2.26393808E-03   2.45655002E-03   2.26393319E-03  0.155194879      -5.51553518E-02 k_33_39_18                                                                         6.26107721E-05   3.21488071E-04   1.94240361E-04   1.60067721E-05   8.94590994E-05   3.28811584E-04   2.46922602E-04   2.01636140E-05
   99.0000000       0.00000000      0.569999993       10.5419998       17.9532948       5.90000010      0.655696452       7.31767321       1.82010292E-03   1.59810251E-03  0.878028631       8.95669436E-05  -2.16900589E-04   1.86488603E-03   1.73053576E-03   1.86488603E-03   1.48964976E-03   1.81500323E-03   1.48965442E-03   4.92098220E-02 -0.135723829     k_33_39_19                                                                         5.02996991E-05   2.35890009E-04   1.53331595E-04   1.29839173E-05   7.45095749E-05   2.44695373E-04   1.96703069E-04   1.64415906E-05
   99.0000000       0.00000000      0.600000024       10.5419998       18.2658501       5.90000010      0.630275071       7.70728731       1.26269355E-03   1.08759524E-03  0.861329556      -5.58463362E-05  -2.26548145E-04   1.23477052E-03   1.31853996E-03   1.23477052E-03   9.74317198E-04   1.31414365E-03   9.74325405E-04  -4.42279428E-02 -0.208301887     k_33_39_20                                                                         4.10786197E-05   1.73022665E-04   1.20689561E-04   1.04793871E-05   6.27118789E-05   1.83043128E-04   1.56949682E-04   1.33571157E-05
   99.0000000       0.00000000      0.629999995       10.5419998       18.6272449       5.90000010      0.604628384       8.13322639       8.69376585E-04   7.32549466E-04  0.842614651      -1.09296598E-04  -2.00751587E-04   8.14728381E-04   9.78673226E-04   8.14728381E-04   6.32172741E-04   9.33300820E-04   6.32174546E-04 -0.125718355     -0.274045080     k_33_39_21                                                                         3.41087689E-05   1.26832994E-04   9.46579457E-05   8.37080370E-06   5.32127742E-05   1.37377574E-04   1.25198931E-04   1.07920496E-05
   99.0000000       0.00000000      0.660000026       10.5419998       19.0491199       5.90000010      0.578812003       8.59976768       5.93129545E-04   4.88466816E-04  0.823541522      -1.16379531E-04  -1.63443954E-04   5.34939754E-04   7.09509070E-04   5.34939754E-04   4.06744395E-04   6.51910843E-04   4.06745443E-04 -0.196212664     -0.334606051     k_33_39_22                                                                         2.87864368E-05   9.30787937E-05   7.41379918E-05   6.62768070E-06   4.54995461E-05   1.03448780E-04   9.98451214E-05   8.67207200E-06
   99.0000000       0.00000000      0.689999998       10.5419998       19.5473289       5.90000010      0.552878439       9.11194897       3.99454875E-04   3.22037900E-04  0.806193411      -1.02584323E-04  -1.25243576E-04   3.48162750E-04   5.02039213E-04   3.48162750E-04   2.59415625E-04   4.47281520E-04   2.59416585E-04 -0.256810784     -0.388909429     k_33_39_23                                                                         2.46492764E-05   6.84302868E-05   5.80152882E-05   5.21502807E-06   3.91115318E-05   7.80148257E-05   7.94508815E-05   6.91689274E-06
   99.0000000       0.00000000      0.720000029       10.5419998       20.1440735       5.90000010      0.526876032       9.67576599       2.64938135E-04   2.09406455E-04  0.790397584      -8.17243126E-05  -9.20714374E-05   2.24075979E-04   3.46662418E-04   2.24075979E-04   1.63370976E-04   3.01477907E-04   1.63370511E-04 -0.308465660     -0.439678133     k_33_39_24                                                                         2.13323401E-05   5.04452109E-05   4.53079301E-05   4.06631261E-06   3.37880556E-05   5.89289120E-05   6.30846698E-05   5.47565287E-06
   99.0000000       0.00000000      0.750000000       10.5419998       20.8715343       5.90000010      0.500849009       10.2983875       1.72383225E-04   1.33854162E-04  0.776491821      -6.06921749E-05  -6.47549314E-05   1.42037155E-04   2.33075407E-04   1.42037170E-04   1.01476508E-04   1.98609094E-04   1.01476908E-04 -0.352077037     -0.483772278     k_33_39_25                                                                         1.86563793E-05   3.72502982E-05   3.53433607E-05   3.15051693E-06   2.93027151E-05   4.45540645E-05   4.99403868E-05   4.29814645E-06
   99.0000000       0.00000000      0.779999971       10.5419998       21.7783375       5.90000010      0.474837095       10.9884825       1.09692497E-04   8.40714129E-05  0.766428113      -4.25619437E-05  -4.38740026E-05   8.84115288E-05   1.52254448E-04   8.84115288E-05   6.21343715E-05   1.27945415E-04   6.21344516E-05 -0.388011426     -0.521865904     k_33_39_26                                                                         1.64831927E-05   2.76900100E-05   2.76161936E-05   2.42098849E-06   2.55339146E-05   3.37586498E-05   3.94596209E-05   3.34826836E-06
   99.0000000       0.00000000      0.810000002       10.5419998       22.9419250       5.90000010      0.448876888       11.7565794       6.77509670E-05   5.14988060E-05  0.760119140      -2.82591045E-05  -2.84340258E-05   5.36214102E-05   9.60100660E-05   5.36214102E-05   3.72818540E-05   7.99328409E-05   3.72817340E-05 -0.417102605     -0.552129805     k_33_39_27                                                                         1.46616621E-05   2.06776094E-05   2.15865111E-05   1.86412490E-06   2.23170209E-05   2.55963605E-05   3.10688883E-05   2.58358705E-06
   99.0000000       0.00000000      0.839999974       10.5419998       24.4945984       5.90000010      0.423001230       12.6156187       4.03303893E-05   3.05419017E-05  0.757292509      -1.77088950E-05  -1.75201112E-05   3.14759345E-05   5.80392771E-05   3.14759345E-05   2.17819343E-05   4.80620074E-05   2.17817578E-05 -0.439095557     -0.573641777     k_33_39_28                                                                         1.31459665E-05   1.55476027E-05   1.69063569E-05   1.42544559E-06   1.96004294E-05   1.94592685E-05   2.44221592E-05   1.97758709E-06
   99.0000000       0.00000000      0.870000005       10.5419998       26.6851292       5.90000010      0.397239566       13.5816612       2.27952860E-05   1.72833879E-05  0.758200109      -1.03553866E-05  -1.00856714E-05   1.76175909E-05   3.31506744E-05   1.76175909E-05   1.22405318E-05   2.73690584E-05   1.22405690E-05 -0.454277545     -0.583547115     k_33_39_29                                                                         1.18705111E-05   1.17736563E-05   1.32662099E-05   1.08437916E-06   1.72960681E-05   1.48309928E-05   1.91620002E-05   1.50057258E-06
   99.0000000       0.00000000      0.899999976       10.5419998       30.0525150       5.90000010      0.371619016       14.6748629       1.18995886E-05   9.08609127E-06  0.763563454      -5.50057348E-06  -5.39080247E-06   9.14930388E-06   1.74001634E-05   9.14930388E-06   6.39070413E-06   1.44768937E-05   6.39067730E-06 -0.462249041     -0.593302727     k_33_39_30                                                                         1.07628002E-05   8.98556664E-06   1.04307210E-05   8.21004505E-07   1.53320543E-05   1.13277756E-05   1.50015512E-05   1.12760608E-06
   99.0000000       0.00000000      0.930000007       10.5419998       36.0742455       5.90000010      0.346162349       15.9209394       5.40325709E-06   4.17831143E-06  0.773294926      -2.49762456E-06  -2.49403001E-06   4.15444538E-06   7.90088143E-06   4.15444583E-06   2.93130165E-06   6.67234190E-06   2.93129142E-06 -0.462244272     -0.596899033     k_33_39_31                                                                         9.81233916E-06   6.91618516E-06   8.23288974E-06   6.19564389E-07   1.36816316E-05   8.68526695E-06   1.17394720E-05   8.39980203E-07
   99.0000000       0.00000000      0.959999979       10.5419998       51.3956223       5.90000010      0.320891172       17.3530731       1.73795047E-06   1.36628375E-06  0.786146522      -7.87827560E-07  -8.01596514E-07   1.34403672E-06   2.52577820E-06   1.34403695E-06   9.65482172E-07   2.16788044E-06   9.65488994E-07 -0.453308403     -0.586698413     k_33_39_32                                                                         9.02402189E-06   5.35443360E-06   6.51074924E-06   4.64223831E-07   1.23055606E-05   6.68843768E-06   9.19019112E-06   6.20163291E-07
