 #! thr0[f,0]/ phr0[f,1]/ pr[f,2]/ ei[f,3]/ th_e[f,4]/ q2[f,5]/ x[f,6]/ plab[f,7]/ crs0[f,8]/ crs12[f,9]/  ratio[f,10]/ crs_ten0[f,11]/ crs_ten12[f,12]/  crs_pol0_-1[f,13]/ crs_pol0_0[f,14]/ crs_pol0_1[f,15]/ crs_pol12_-1[f,16]/ crs_pol12_0[f,17]/ crs_pol12_1[f,18]/ asym0[f,19]/ asym12[f,20]/ ID[s,21]/ w_l[f,22]/ w_t[f,23]/ w_lt[f,24]/ w_tt[f,25]/ w_l_pwia[f,26]/ w_t_pwia[f,27]/ w_lt_pwia[f,28]/ w_tt_pwia[f,29]/ 
   99.0000000       0.00000000       0.00000000       10.5419998       18.3711910       7.19999981      0.998766899       4.68588305       215.382996       210.533463      0.977484167      -1.61621964E-03 -0.778111935       215.382202       215.384598       215.382202       210.144394       211.311569       210.144394      -7.50393338E-06  -3.69590614E-03 k_33_52_0                                                                          3.43632412       36.0324020       7.00072342E-05  -1.33514404E-05   3.51697969       36.8616028      -2.16840434E-19   0.00000000    
   99.0000000       0.00000000       2.99999993E-02   10.5419998       18.4079361       7.19999981      0.991926014       4.73988247       104.234787       101.077347      0.969708383       1.48782647      0.937238634       104.978691       102.746956       104.978691       101.545967       100.140106       101.545967       1.42738000E-02   9.27248970E-03 k_33_52_1                                                                          1.63723409       16.9972801      0.581946552       3.03936005E-03   1.69050109       17.5356560      0.591760695       3.05271149E-03
   99.0000000       0.00000000       5.99999987E-02   10.5419998       18.4536438       7.19999981      0.983601213       4.80657864       27.0313702       25.5507793      0.945226967       1.53815699       1.24244642       27.8004570       25.4932098       27.8004436       26.1720066       24.3083344       26.1720028       5.69026656E-02   4.86265570E-02 k_33_52_2                                                                         0.413848162       4.23347092      0.295480311       3.04102898E-03  0.438904315       4.48647594      0.304503679       3.12495232E-03
   99.0000000       0.00000000       9.00000036E-02   10.5419998       18.5086861       7.19999981      0.973840296       4.88618612       7.55813885       6.85533810      0.907014072      0.960956812      0.795026422       8.03861618       6.59718227       8.03861618       7.25285149       6.06031227       7.25285149      0.127141982      0.115971878     k_33_52_3                                                                         0.111837037       1.12196136      0.120302871       1.85978413E-03  0.123862207       1.24212861      0.127296120       1.94698572E-03
   99.0000000       0.00000000      0.119999997       10.5419998       18.5736103       7.19999981      0.962680161       4.97912645       2.49252772       2.13380241      0.856079698      0.556307316      0.455905646       2.77068138       1.93622065       2.77068138       2.36175513       1.67789698       2.36175585      0.223190024      0.213658795     k_33_52_4                                                                          3.53250913E-02  0.345610559       5.09945601E-02   1.04844570E-03   4.15735357E-02  0.407115191       5.60544655E-02   1.13466382E-03
   99.0000000       0.00000000      0.150000006       10.5419998       18.6491375       7.19999981      0.950156152       5.08595133      0.940922081      0.760446787      0.808193147      0.321267933      0.259285212       1.10155606      0.619654238       1.10155618      0.890089273      0.501161575      0.890089631      0.341439456      0.340964317     k_33_52_5                                                                          1.29279038E-02  0.122283354       2.31765080E-02   5.92470169E-04   1.61118917E-02  0.153323025       2.66161151E-02   6.67780638E-04
   99.0000000       0.00000000      0.180000007       10.5419998       18.7360058       7.19999981      0.936327636       5.20713377      0.393869340      0.298418820      0.757659435      0.187325701      0.147306815      0.487532228      0.206543639      0.487532228      0.372072190      0.151111990      0.372072250      0.475603670      0.493624419     k_33_52_6                                                                          5.27349813E-03   4.78166565E-02   1.11352019E-02   3.41178849E-04   6.98699802E-03   6.42783940E-02   1.35187637E-02   4.03150916E-04
   99.0000000       0.00000000      0.209999993       10.5419998       18.8351364       7.19999981      0.921253443       5.34327173      0.179025695      0.133044958      0.743161261      0.110207736       8.56608525E-02  0.234129578       6.88179657E-02  0.234129578      0.175875291       4.73841056E-02  0.175875485      0.615597308      0.643848896     k_33_52_7                                                                          2.49142176E-03   2.14850791E-02   5.75356698E-03   2.00069509E-04   3.32135893E-03   2.93778181E-02   7.28442566E-03   2.50742771E-04
   99.0000000       0.00000000      0.239999995       10.5419998       18.9476337       7.19999981      0.904995024       5.49506426       8.72795954E-02   6.36250749E-02  0.728979945       6.51985258E-02   4.95253876E-02  0.119878866       2.20810715E-02  0.119878836       8.83876681E-02   1.40996994E-02   8.83878618E-02  0.747007668      0.778394163     k_33_52_8                                                                          1.26431324E-03   1.04489997E-02   3.10865371E-03   1.20855402E-04   1.71041500E-03   1.44611578E-02   4.14488418E-03   1.61136501E-04
   99.0000000       0.00000000      0.270000011       10.5419998       19.0747814       7.19999981      0.887622714       5.66326380       4.53301184E-02   3.40401530E-02  0.750939012       3.86328846E-02   2.87638884E-02   6.46465570E-02   6.69723051E-03   6.46465644E-02   4.84220721E-02   5.27626695E-03   4.84221280E-02  0.852256417      0.844998777     k_33_52_9                                                                          7.33850000E-04   5.74621093E-03   1.82917656E-03   7.76767265E-05   9.48221772E-04   7.61611294E-03   2.48597353E-03   1.07311644E-04
   99.0000000       0.00000000      0.300000012       10.5419998       19.2181740       7.19999981      0.869201899       5.84880686       2.49723028E-02   1.90847609E-02  0.764237106       2.28385925E-02   1.63378753E-02   3.63916010E-02   2.13371194E-03   3.63916010E-02   2.72536706E-02   2.74688471E-03   2.72537228E-02  0.914556921      0.856069148     k_33_52_10                                                                         4.40423057E-04   3.33840353E-03   1.11958419E-03   5.21298498E-05   5.63753070E-04   4.27396875E-03   1.57030032E-03   7.42392149E-05
   99.0000000       0.00000000      0.330000013       10.5419998       19.3796425       7.19999981      0.849809051       6.05266094       1.45267304E-02   1.17390677E-02  0.808101177       1.34124877E-02   9.28046927E-03   2.12329719E-02   1.11423968E-03   2.12329719E-02   1.63792539E-02   2.45859846E-03   1.63793489E-02  0.923297048      0.790562689     k_33_52_11                                                                         2.84463080E-04   2.15306180E-03   7.41116994E-04   3.67140165E-05   3.58018617E-04   2.54478166E-03   1.04260398E-03   5.33711864E-05
   99.0000000       0.00000000      0.360000014       10.5419998       19.5614643       7.19999981      0.829515100       6.27600861       8.86910222E-03   7.09902728E-03  0.800422311       7.78861484E-03   4.69333120E-03   1.27634080E-02   1.08048634E-03   1.27634080E-02   9.44569055E-03   2.40569655E-03   9.44569521E-03  0.878174007      0.661123157     k_33_52_12                                                                         1.86917256E-04   1.34948781E-03   5.06126671E-04   2.69102748E-05   2.41516842E-04   1.59845885E-03   7.24661804E-04   3.97751573E-05
   99.0000000       0.00000000      0.389999986       10.5419998       19.7663593       7.19999981      0.808395863       6.52014732       5.63839870E-03   4.65198141E-03  0.825053632       4.44705645E-03   2.35165679E-03   7.86192715E-03   1.19134237E-03   7.86192715E-03   5.82779804E-03   2.30032392E-03   5.82782086E-03  0.788709104      0.505517244     k_33_52_13                                                                         1.35138776E-04   9.17685335E-04   3.78748635E-04   2.13843014E-05   1.71787455E-04   1.05127553E-03   5.23953349E-04   3.05745634E-05
   99.0000000       0.00000000      0.419999987       10.5419998       19.9976940       7.19999981      0.786522508       6.78661346       3.69969872E-03   3.18216044E-03  0.860113382       2.47846590E-03   1.17142417E-03   4.93893167E-03   1.22123281E-03   4.93893167E-03   3.76787060E-03   2.01073615E-03   3.76787432E-03  0.669910192      0.368122280     k_33_52_14                                                                         9.99589829E-05   6.57963916E-04   2.94063269E-04   1.75363675E-05   1.27766369E-04   7.17922871E-04   3.91170557E-04   2.40837689E-05
   99.0000000       0.00000000      0.449999988       10.5419998       20.2596149       7.19999981      0.763967872       7.07713556       2.48283637E-03   2.20485847E-03  0.888040185       1.33327709E-03   5.27228403E-04   3.14947497E-03   1.14955916E-03   3.14947497E-03   2.46846233E-03   1.67762989E-03   2.46848282E-03  0.536997557      0.239121199     k_33_52_15                                                                         7.61210686E-05   4.81727533E-04   2.30487378E-04   1.45372906E-05   9.85068909E-05   5.04743075E-04   2.99181353E-04   1.93019951E-05
   99.0000000       0.00000000      0.479999989       10.5419998       20.5572872       7.19999981      0.740803778       7.39368677       1.69053709E-03   1.52722199E-03  0.903394520       6.79942081E-04   1.91772866E-04   2.03050813E-03   1.01059512E-03   2.03050813E-03   1.62310351E-03   1.33544893E-03   1.62311317E-03  0.402204782      0.125569746     k_33_52_16                                                                         5.84944901E-05   3.54114745E-04   1.82446092E-04   1.21279736E-05   7.81403869E-05   3.62676161E-04   2.32829407E-04   1.56412716E-05
   99.0000000       0.00000000      0.509999990       10.5419998       20.8972816       7.19999981      0.717097342       7.73858213       1.15991489E-03   1.05087436E-03  0.905992627       3.17197264E-04   2.65156905E-05   1.31851365E-03   8.42717593E-04   1.31851365E-03   1.06413267E-03   1.02435879E-03   1.06413185E-03  0.273465991       2.52320282E-02 k_33_52_17                                                                         4.56553644E-05   2.60084606E-04   1.44571313E-04   1.00615434E-05   6.33738237E-05   2.64739501E-04   1.83327036E-04   1.27486128E-05
   99.0000000       0.00000000      0.540000021       10.5419998       21.2880116       7.19999981      0.692915082       8.11446190       7.97419983E-04   7.17245624E-04  0.899457812       1.23755541E-04  -4.58953364E-05   8.59297579E-04   6.73664326E-04   8.59297637E-04   6.94296265E-04   7.63140968E-04   6.94299466E-04  0.155194938      -6.39883131E-02 k_33_52_18                                                                         3.62364517E-05   1.90896011E-04   1.14391049E-04   8.28060001E-06   5.22850169E-05   1.95408240E-04   1.45405240E-04   1.04085993E-05
   99.0000000       0.00000000      0.569999993       10.5419998       21.7404728       7.19999981      0.668320239       8.52439117       5.46780357E-04   4.84660937E-04  0.886390567       2.69069460E-05  -6.96287825E-05   5.60233835E-04   5.19873342E-04   5.60233835E-04   4.49845742E-04   5.54289727E-04   4.49847255E-04   4.92097884E-02 -0.143664941     k_33_52_19                                                                         2.92669774E-05   1.39969547E-04   9.02789616E-05   6.71445014E-06   4.37143899E-05   1.45355531E-04   1.15798932E-04   8.48725904E-06
   99.0000000       0.00000000      0.600000024       10.5419998       22.2693501       7.19999981      0.643371940       8.97196484       3.72382521E-04   3.24020308E-04  0.870127618      -1.64697249E-05  -6.99691227E-05   3.64147680E-04   3.88852262E-04   3.64147680E-04   2.89035524E-04   3.93989467E-04   2.89035961E-04  -4.42279764E-02 -0.215940550     k_33_52_20                                                                         2.40055306E-05   1.02668266E-04   7.10019376E-05   5.41942427E-06   3.69220797E-05   1.08676177E-04   9.23594416E-05   6.89503577E-06
   99.0000000       0.00000000      0.629999995       10.5419998       22.8946533       7.19999981      0.618126750       9.46136570       2.50942016E-04   2.13537642E-04  0.850944161      -3.15480393E-05  -6.01684114E-05   2.35168016E-04   2.82490073E-04   2.35168016E-04   1.83453565E-04   2.73706071E-04   1.83453289E-04 -0.125718445     -0.281769574     k_33_52_21                                                                         2.00161430E-05   7.51645639E-05   5.56122613E-05   4.31820808E-06   3.14283679E-05   8.15145759E-05   7.36373331E-05   5.57094245E-06
   99.0000000       0.00000000      0.660000026       10.5419998       23.6444645       7.19999981      0.592638195       9.99750137       1.66923739E-04   1.38998497E-04  0.832706571      -3.27525813E-05  -4.74036315E-05   1.50547450E-04   1.99676317E-04   1.50547450E-04   1.15296105E-04   1.86402132E-04   1.15297225E-04 -0.196212843     -0.341037005     k_33_52_22                                                                         1.69763425E-05   5.51730918E-05   4.35604015E-05   3.41972373E-06   2.69471275E-05   6.13398952E-05   5.86871647E-05   4.47656748E-06
   99.0000000       0.00000000      0.689999998       10.5419998       24.5596161       7.19999981      0.566955507       10.5861912       1.09052431E-04   8.88648210E-05  0.814881623      -2.80058393E-05  -3.54041840E-05   9.50495087E-05   1.37058276E-04   9.50495014E-05   7.11625325E-05   1.24268990E-04   7.11629182E-05 -0.256810784     -0.398404956     k_33_52_23                                                                         1.45521208E-05   4.05321480E-05   3.39926664E-05   2.68291478E-06   2.32183866E-05   4.62224925E-05   4.66629717E-05   3.57055433E-06
   99.0000000       0.00000000      0.720000029       10.5419998       25.7019882       7.19999981      0.541125119       11.2343330       6.96791758E-05   5.55671322E-05  0.797471166      -2.14936281E-05  -2.49013683E-05   5.89323718E-05   9.11728057E-05   5.89323718E-05   4.31163025E-05   8.04684896E-05   4.31165863E-05 -0.308465600     -0.448131233     k_33_52_24                                                                         1.26272689E-05   2.97729803E-05   2.64775135E-05   2.08923484E-06   2.00969898E-05   3.48836184E-05   3.70157723E-05   2.82657857E-06
   99.0000000       0.00000000      0.750000000       10.5419998       27.1706295       7.19999981      0.515190542       11.9501772       4.32472407E-05   3.38864847E-05  0.783552527      -1.52263638E-05  -1.67031103E-05   3.56340570E-05   5.84736008E-05   3.56340606E-05   2.55348896E-05   5.05895878E-05   2.55349569E-05 -0.352077127     -0.492913634     k_33_52_25                                                                         1.10633346E-05   2.19677531E-05   2.06112709E-05   1.60666696E-06   1.74554079E-05   2.63481925E-05   2.92701461E-05   2.21872597E-06
   99.0000000       0.00000000      0.779999971       10.5419998       29.1360569       7.19999981      0.489190221       12.7437191       2.58641212E-05   2.00096838E-05  0.773646355      -1.00355755E-05  -1.06178531E-05   2.08463352E-05   3.58997022E-05   2.08463316E-05   1.47008177E-05   3.06275324E-05   1.47006904E-05 -0.388011456     -0.530635715     k_33_52_26                                                                         9.78561548E-06   1.63010991E-05   1.60741129E-05   1.24790768E-06   1.52272278E-05   1.99426104E-05   2.30971200E-05   1.72840373E-06
   99.0000000       0.00000000      0.810000002       10.5419998       31.9222450       7.19999981      0.463161469       13.6270552       1.46553257E-05   1.12460912E-05  0.767372310      -6.11277574E-06  -6.31726198E-06   1.15989378E-05   2.07680987E-05   1.15989378E-05   8.08744335E-06   1.75633540E-05   8.08747882E-06 -0.417102695     -0.561729550     k_33_52_27                                                                         8.70896929E-06   1.21534667E-05   1.25306797E-05   9.54918505E-07   1.33180902E-05   1.51029908E-05   1.81578980E-05   1.33366257E-06
   99.0000000       0.00000000      0.839999974       10.5419998       36.2440491       7.19999981      0.437137276       14.6150866       7.65895311E-06   5.86324131E-06  0.765540838      -3.36301241E-06  -3.43013198E-06   5.97744611E-06   1.10219644E-05   5.97744611E-06   4.14818851E-06   9.29337421E-06   4.14816304E-06 -0.439095587     -0.585023165     k_33_52_28                                                                         7.80552818E-06   9.12928772E-06   9.79012566E-06   7.30159172E-07   1.17007494E-05   1.14673985E-05   1.42482413E-05   1.02084823E-06
   99.0000000       0.00000000      0.870000005       10.5419998       44.1280746       7.19999981      0.411147505       15.7263107       3.45222497E-06   2.64747518E-06  0.766889513      -1.56826854E-06  -1.57970112E-06   2.66809070E-06   5.02049397E-06   2.66809070E-06   1.85761871E-06   4.22717585E-06   1.85763042E-06 -0.454277635     -0.596682131     k_33_52_29                                                                         7.03959176E-06   6.89294757E-06   7.65481036E-06   5.54789267E-07   1.03246330E-05   8.72814417E-06   1.11566960E-05   7.74602540E-07
   99.0000000       0.00000000      0.899999976       10.5419998       65.5937500       7.19999981      0.385220498       16.9839191       1.05978881E-06   8.20079038E-07  0.773813665      -4.89886247E-07  -4.93376660E-07   8.14845635E-07   1.54967495E-06   8.14845635E-07   5.73389912E-07   1.31345575E-06   5.73391617E-07 -0.462248921     -0.601620853     k_33_52_30                                                                         6.38353868E-06   5.24044572E-06   5.98354063E-06   4.18112904E-07   9.14892371E-06   6.65711923E-06   8.71421889E-06   5.82081611E-07
