 #! thr0[f,0]/ phr0[f,1]/ pr[f,2]/ ei[f,3]/ th_e[f,4]/ q2[f,5]/ x[f,6]/ plab[f,7]/ crs0[f,8]/ crs12[f,9]/  ratio[f,10]/ crs_ten0[f,11]/ crs_ten12[f,12]/  crs_pol0_-1[f,13]/ crs_pol0_0[f,14]/ crs_pol0_1[f,15]/ crs_pol12_-1[f,16]/ crs_pol12_0[f,17]/ crs_pol12_1[f,18]/ asym0[f,19]/ asym12[f,20]/ ID[s,21]/ w_l[f,22]/ w_t[f,23]/ w_lt[f,24]/ w_tt[f,25]/ w_l_pwia[f,26]/ w_t_pwia[f,27]/ w_lt_pwia[f,28]/ w_tt_pwia[f,29]/ 
   99.0000000       0.00000000       0.00000000       10.5419998       8.55979729       2.20000005      0.998217404       1.89191425       58130.7461       56812.9062      0.977329731     -0.438318491      -239.344376       58130.5312       58131.1875       58130.5312       56693.2344       57052.2539       56693.2344      -7.54021767E-06  -4.21285210E-03 k_33_2_0                                                                           100.151230       600.913757       3.98560369E-05   1.83105469E-04   102.536057       614.778381      -6.14959588E-31   0.00000000    
   99.0000000       0.00000000       2.99999993E-02   10.5419998       8.56486988       2.20000005      0.988894463       1.91658914       28748.1680       27841.3340      0.968455911       410.343475       239.121597       28953.3359       28337.8242       28953.3398       27960.8906       27602.2129       27960.9004       1.42737264E-02   8.58872663E-03 k_33_2_1                                                                           47.5166206       283.076569       10.9909992      0.107269287       49.1429100       292.463379       11.1813650      0.108261108    
   99.0000000       0.00000000       5.99999987E-02   10.5419998       8.57144737       2.20000005      0.977086186       1.94842720       7614.46338       7178.15674      0.942700267       433.283813       342.136322       7831.10645       7181.17969       7831.10645       7349.22412       6836.02002       7349.22412       5.69027364E-02   4.76635359E-02 k_33_2_2                                                                           11.9176989       70.3728180       5.56569433      0.108211517       12.6987724       74.8284683       5.74647522      0.110809326    
   99.0000000       0.00000000       9.00000036E-02   10.5419998       8.57956505       2.20000005      0.962931693       1.98748624       2173.65601       1965.19458      0.904096425       276.362946       226.290176       2311.83765       1897.29297       2311.83765       2078.34009       1738.90454       2078.33984      0.127141982      0.115148991     k_33_2_3                                                                           3.18996596       18.6181107       2.26285791       6.59160614E-02   3.56001878       20.7181911       2.39893699       6.90364838E-02
   99.0000000       0.00000000      0.119999997       10.5419998       8.58928394       2.20000005      0.946565688       2.03392196       731.680725       630.132263      0.861212075       163.303696       134.596252       813.332642       568.376953       813.332520       697.430481       495.536072       697.430420      0.223189831      0.213599995     k_33_2_4                                                                           1.00436175       5.78367233      0.961742103       3.72855663E-02   1.18463242       6.79124165       1.05476081       4.02328968E-02
   99.0000000       0.00000000      0.150000006       10.5419998       8.60067463       2.20000005      0.928145647       2.08791161       281.914276       232.204742      0.823671460       96.2566605       79.3462524       330.042603       185.657608       330.042572       271.877838       152.858459       271.877869      0.341439456      0.341708153     k_33_2_5                                                                          0.366087109       2.07468271      0.438429713       2.11089849E-02  0.454208851       2.55808353      0.500013888       2.36781836E-02
   99.0000000       0.00000000      0.180000007       10.5419998       8.61380768       2.20000005      0.907863557       2.14960527       120.461433       96.2225723      0.798783243       57.2918968       47.2550468       149.107391       63.1695557       149.107391       119.850044       48.9675255       119.850166      0.475603640      0.491101474     k_33_2_6                                                                          0.151643723      0.844171286      0.213358864       1.21185184E-02  0.194435224       1.07272971      0.253533602       1.42948627E-02
   99.0000000       0.00000000      0.209999993       10.5419998       8.62877464       2.20000005      0.885908604       2.21923161       55.9077950       44.6273651      0.798231542       34.4166794       28.6507034       73.1161423       21.4911137       73.1161423       58.9526443       15.9766579       58.9527931      0.615597129      0.641998529     k_33_2_7                                                                           7.15226829E-02  0.389599204      0.110933676       7.20736384E-03   9.10249278E-02  0.490478843      0.136376277       8.89104605E-03
   99.0000000       0.00000000      0.239999995       10.5419998       8.64568043       2.20000005      0.862478614       2.29705405       27.8447094       23.0189476      0.826690197       20.8002071       17.5261517       38.2448120       7.04450035       38.2448082       31.7819862       5.49279690       31.7820587      0.747007489      0.761379361     k_33_2_8                                                                           3.82129401E-02  0.202841938       6.19654618E-02   4.44377214E-03   4.60523292E-02  0.241576374       7.74645060E-02   5.71367890E-03
   99.0000000       0.00000000      0.270000011       10.5419998       8.66464615       2.20000005      0.837777555       2.38336968       14.7838964       12.7401819      0.861760795       12.5996723       10.6497765       21.0837345       2.18422484       21.0837345       18.0650692       2.09040403       18.0650711      0.852256536      0.835920274     k_33_2_9                                                                           2.20171791E-02  0.114239208       3.67644206E-02   2.87756324E-03   2.50202380E-02  0.127330020       4.63827439E-02   3.80512699E-03
   99.0000000       0.00000000      0.300000012       10.5419998       8.68581581       2.20000005      0.811997771       2.47856998       8.33346462       7.50766325      0.900905371       7.62142801       6.42255163       12.1441774      0.712037504       12.1441774       10.7189159       1.08511174       10.7189608      0.914556980      0.855466127     k_33_2_10                                                                          1.35979345E-02   6.87243715E-02   2.32556723E-02   1.94779783E-03   1.45424446E-02   7.15306997E-02   2.92521492E-02   2.63240561E-03
   99.0000000       0.00000000      0.330000013       10.5419998       8.70935249       2.20000005      0.785335720       2.58307409       4.96582127       4.64444017      0.935281396       4.58492899       3.83089852       7.25828505      0.380891919       7.25828457       6.55987501      0.813542604       6.55990410      0.923297226      0.824835360     k_33_2_11                                                                          8.79002083E-03   4.33452651E-02   1.56380981E-02   1.41664967E-03   9.00730584E-03   4.26497571E-02   1.93945020E-02   1.89245492E-03
   99.0000000       0.00000000      0.360000014       10.5419998       8.73545265       2.20000005      0.757973909       2.69740057       3.11002564       2.95514631      0.950199962       2.73114395       2.22763491       4.47559738      0.378881723       4.47559786       4.06895113      0.727510810       4.06897545      0.878174067      0.753815413     k_33_2_12                                                                          5.84864058E-03   2.80383937E-02   1.09715210E-02   1.05830934E-03   5.91340382E-03   2.68374570E-02   1.34640625E-02   1.41036417E-03
   99.0000000       0.00000000      0.389999986       10.5419998       8.76433754       2.20000005      0.730085969       2.82214618       2.03154874       1.92848372      0.949267745       1.60230088       1.25912392       2.83269906      0.429247797       2.83269906       2.55804038      0.669359744       2.55805087      0.788709044      0.652908742     k_33_2_13                                                                          3.98093229E-03   1.85521189E-02   7.98842032E-03   8.29469413E-04   4.08569537E-03   1.76899433E-02   9.72611550E-03   1.08412001E-03
   99.0000000       0.00000000      0.419999987       10.5419998       8.79627419       2.20000005      0.701831996       2.95801425       1.37244391       1.29438818      0.943126440      0.919414103      0.694276690       1.83215094      0.453029782       1.83215082       1.64152968      0.600111425       1.64152336      0.669910133      0.536374390     k_33_2_14                                                                          2.79725227E-03   1.26327882E-02   6.00489322E-03   6.72092661E-04   2.94734770E-03   1.21138711E-02   7.25727249E-03   8.53976700E-04
   99.0000000       0.00000000      0.449999988       10.5419998       8.83156872       2.20000005      0.673361242       3.10581040      0.950525701      0.889622033      0.935926318      0.510429978      0.366557240       1.20574069      0.440095663       1.20574081       1.07289171      0.523064792       1.07290947      0.536997557      0.412037045     k_33_2_15                                                                          2.03051465E-03   8.83362815E-03   4.62746341E-03   5.46758529E-04   2.20183143E-03   8.54523573E-03   5.54990442E-03   6.84423372E-04
   99.0000000       0.00000000      0.479999989       10.5419998       8.87058926       2.20000005      0.644805491       3.26649046      0.669806123      0.612351596      0.914222181      0.269399226      0.177101046      0.804505825      0.400406897      0.804505706      0.700892329      0.435250521      0.700911880      0.402204782      0.289214641     k_33_2_16                                                                          1.47656421E-03   6.21842500E-03   3.56966839E-03   4.47228318E-04   1.69161288E-03   6.16457779E-03   4.32062987E-03   5.54617494E-04
   99.0000000       0.00000000      0.509999990       10.5419998       8.91376781       2.20000005      0.616284072       3.44115734      0.477215350      0.427879333      0.896616876      0.130502209       7.71678984E-02  0.542466581      0.346713156      0.542466581      0.466462493      0.350711435      0.466463983      0.273466080      0.180349678     k_33_2_17                                                                          1.11039542E-03   4.46843589E-03   2.78481049E-03   3.71296424E-04   1.32896646E-03   4.52112127E-03   3.40519892E-03   4.52047912E-04
   99.0000000       0.00000000      0.540000021       10.5419998       8.96162128       2.20000005      0.587902069       3.63109732      0.342037886      0.301934242      0.882750869       5.30825518E-02   1.75814200E-02  0.368579149      0.288955301      0.368579149      0.310723573      0.284352809      0.310726285      0.155194953       5.82293011E-02 k_33_2_18                                                                          8.33257800E-04   3.29665933E-03   2.18270835E-03   3.01522901E-04   1.06292835E-03   3.35545558E-03   2.70509999E-03   3.69075336E-04
   99.0000000       0.00000000      0.569999993       10.5419998       9.01476765       2.20000005      0.559751987       3.83780456      0.245687664      0.213119596      0.867441177       1.20902527E-02  -8.82555265E-03  0.251732737      0.233597383      0.251732737      0.208706737      0.221945152      0.208706886       4.92098480E-02  -4.14112695E-02 k_33_2_19                                                                          6.42934465E-04   2.43403809E-03   1.71998818E-03   2.45351461E-04   8.62753601E-04   2.51179119E-03   2.15928024E-03   3.00946413E-04
   99.0000000       0.00000000      0.600000024       10.5419998       9.07395554       2.20000005      0.531912446       4.06303501      0.176308855      0.149234995      0.846440732      -7.79776974E-03  -1.93696655E-02  0.172409996      0.184106648      0.172410011      0.139549881      0.168604657      0.139550403      -4.42278944E-02 -0.129793048     k_33_2_20                                                                          5.08091529E-04   1.78626971E-03   1.35168678E-03   1.96286303E-04   7.08840846E-04   1.89152430E-03   1.72756973E-03   2.44488881E-04
   99.0000000       0.00000000      0.629999995       10.5419998       9.14010143       2.20000005      0.504449487       4.30885601      0.126089275      0.103902012      0.824035287      -1.58517286E-02  -2.02098340E-02  0.118163407      0.141941011      0.118163422       9.37970132E-02  0.124111846       9.37971845E-02 -0.125718296     -0.194508597     k_33_2_21                                                                          4.07841522E-04   1.30891241E-03   1.06094149E-03   1.56843977E-04   5.88396506E-04   1.43033045E-03   1.38288445E-03   1.97537593E-04
   99.0000000       0.00000000      0.660000026       10.5419998       9.21431923       2.20000005      0.477420896       4.57767630       8.98081511E-02   7.31532425E-02  0.814550161      -1.76214967E-02  -1.82529707E-02   8.09974000E-02  0.107429653       8.09973925E-02   6.40267506E-02   9.14062038E-02   6.40267506E-02 -0.196212664     -0.249516904     k_33_2_22                                                                          3.41759966E-04   9.73737333E-04   8.47391202E-04   1.25443912E-04   4.93416854E-04   1.08611200E-03   1.10760541E-03   1.58733106E-04
   99.0000000       0.00000000      0.689999998       10.5419998       9.29800606       2.20000005      0.450871885       4.87237263       6.35395050E-02   5.06955348E-02  0.797858536      -1.63176283E-02  -1.60433408E-02   5.53806946E-02   7.98571408E-02   5.53806946E-02   4.26739082E-02   6.67388737E-02   4.26738225E-02 -0.256810755     -0.316464573     k_33_2_23                                                                          2.83106318E-04   7.23838573E-04   6.66456588E-04   9.82790662E-05   4.17147967E-04   8.26651463E-04   8.85982998E-04   1.26606319E-04
   99.0000000       0.00000000      0.720000029       10.5419998       9.39291382       2.20000005      0.424839377       5.19636536       4.46201488E-02   3.52741964E-02  0.790544152      -1.37637863E-02  -1.31906066E-02   3.77382599E-02   5.83839417E-02   3.77382599E-02   2.86789499E-02   4.84648049E-02   2.86788363E-02 -0.308465719     -0.373944908     k_33_2_24                                                                          2.40358626E-04   5.45098970E-04   5.28952980E-04   7.76246306E-05   3.55499535E-04   6.30710390E-04   7.07862957E-04   1.00226112E-04
   99.0000000       0.00000000      0.750000000       10.5419998       9.50127411       2.20000005      0.399353623       5.55373287       3.10478508E-02   2.43758019E-02  0.785104334      -1.09312395E-02  -1.02669513E-02   2.55822297E-02   4.19790894E-02   2.55822297E-02   1.92424301E-02   3.46427523E-02   1.92422234E-02 -0.352077156     -0.421194404     k_33_2_25                                                                          2.07283563E-04   4.11558780E-04   4.19985416E-04   6.07875845E-05   3.05088935E-04   4.82043368E-04   5.64468384E-04   7.86731252E-05
   99.0000000       0.00000000      0.779999971       10.5419998       9.62598038       2.20000005      0.374435991       5.94942522       2.14064643E-02   1.67627614E-02  0.783070087      -8.30595568E-03  -7.73940748E-03   1.72534883E-02   2.97124237E-02   1.72534864E-02   1.28930574E-02   2.45021693E-02   1.28930584E-02 -0.388011575     -0.461702406     k_33_2_26                                                                          1.81890602E-04   3.12630204E-04   3.34428507E-04   4.74864064E-05   2.63897149E-04   3.69483954E-04   4.49785002E-04   6.12864533E-05
   99.0000000       0.00000000      0.810000002       10.5419998       9.77084541       2.20000005      0.350102961       6.38944197       1.45815210E-02   1.14318458E-02  0.783995450      -6.08199043E-03  -5.60924457E-03   1.15405256E-02   2.06635110E-02   1.15405247E-02   8.62722471E-03   1.70410909E-02   8.62722285E-03 -0.417102605     -0.490668327     k_33_2_27                                                                          1.61353528E-04   2.38501292E-04   2.66644405E-04   3.69429690E-05   2.29658122E-04   2.83584784E-04   3.57593643E-04   4.72898828E-05
   99.0000000       0.00000000      0.839999974       10.5419998       9.94100857       2.20000005      0.326364696       6.88117695       9.81522724E-03   7.73319416E-03  0.787877262      -4.30982420E-03  -3.98779893E-03   7.66031491E-03   1.41250500E-02   7.66031398E-03   5.73932566E-03   1.17209926E-02   5.73926140E-03 -0.439095706     -0.515672922     k_33_2_28                                                                          1.44803169E-04   1.83496508E-04   2.13140942E-04   2.83611953E-05   2.01421717E-04   2.18353700E-04   2.84217967E-04   3.61976854E-05
   99.0000000       0.00000000      0.870000005       10.5419998       10.1435595       2.20000005      0.303227574       7.43378544       6.51387125E-03   5.17924549E-03  0.795110226      -2.95910565E-03  -2.76980526E-03   5.03431773E-03   9.47297644E-03   5.03431819E-03   3.79433692E-03   7.94905052E-03   3.79434787E-03 -0.454277575     -0.534789324     k_33_2_29                                                                          1.31009729E-04   1.42202509E-04   1.70887753E-04   2.17999950E-05   1.77980895E-04   1.68622777E-04   2.25817435E-04   2.74663616E-05
   99.0000000       0.00000000      0.899999976       10.5419998       10.3885832       2.20000005      0.280693859       8.05877781       4.24879091E-03   3.41698993E-03  0.804226398      -1.96399936E-03  -1.86160277E-03   3.26679181E-03   6.21279050E-03   3.26679181E-03   2.48618238E-03   5.27859200E-03   2.48619379E-03 -0.462249011     -0.544807792     k_33_2_30                                                                          1.19420452E-04   1.10719317E-04   1.37263647E-04   1.66128375E-05   1.58384573E-04   1.30536617E-04   1.79313967E-04   2.06396071E-05
   99.0000000       0.00000000      0.930000007       10.5419998       10.6909571       2.20000005      0.258762002       8.77081776       2.71856342E-03   2.21249252E-03  0.813846231      -1.25664042E-03  -1.20900443E-03   2.09024316E-03   3.97520373E-03   2.09024316E-03   1.60799420E-03   3.42149683E-03   1.60798640E-03 -0.462244302     -0.546444535     k_33_2_31                                                                          1.09685410E-04   8.65865441E-05   1.10457098E-04   1.25702754E-05   1.42212433E-04   1.01456026E-04   1.42584555E-04   1.53749606E-05
   99.0000000       0.00000000      0.959999979       10.5419998       11.0736198       2.20000005      0.237428159       9.58885574       1.69884250E-03   1.40015315E-03  0.824180663      -7.70099636E-04  -7.57533824E-04   1.31379266E-03   2.46894220E-03   1.31379266E-03   1.02138112E-03   2.15768674E-03   1.02139113E-03 -0.453308433     -0.541036427     k_33_2_32                                                                          1.01587968E-04   6.81003730E-05   8.91238305E-05   9.42892075E-06   1.28970263E-04   7.92017599E-05   1.13650101E-04   1.13514543E-05
   99.0000000       0.00000000      0.990000010       10.5419998       11.5740452       2.20000005      0.216685876       10.5378275       1.03266770E-03   8.62180837E-04  0.834906340      -4.49114043E-04  -4.54037247E-04   8.08110693E-04   1.48178171E-03   8.08110635E-04   6.35161588E-04   1.31621817E-03   6.35162869E-04 -0.434906632     -0.526614845     k_33_2_33                                                                          9.52535192E-05   5.39642569E-05   7.23968842E-05   7.03889418E-06   1.18598007E-04   6.22878142E-05   9.11489260E-05   8.32516707E-06
   99.0000000       0.00000000       1.01999998       10.5419998       12.2582693       2.20000005      0.196526825       11.6512098       6.03635912E-04   5.09953010E-04  0.844802320      -2.44205090E-04  -2.55894469E-04   4.81533381E-04   8.47841031E-04   4.81533323E-04   3.82004480E-04   7.65847450E-04   3.82007129E-04 -0.404556930     -0.501800120     k_33_2_34                                                                          9.04107874E-05   4.30127002E-05   5.91272801E-05   5.20046160E-06   1.10670677E-04   4.93194566E-05   7.35895228E-05   6.05599053E-06
   99.0000000       0.00000000       1.04999995       10.5419998       13.2557087       2.20000005      0.176941469       12.9749918       3.34511395E-04   2.85807793E-04  0.854403734      -1.20893121E-04  -1.33409267E-04   2.74064863E-04   4.55404486E-04   2.74064776E-04   2.19103254E-04   4.19217133E-04   2.19103094E-04 -0.361402094     -0.466779679     k_33_2_35                                                                          8.73482495E-05   3.46021334E-05   4.89278536E-05   3.85770363E-06   1.05434854E-04   3.94793751E-05   6.01405300E-05   4.38260031E-06
   99.0000000       0.00000000       1.08000004       10.5419998       14.8641958       2.20000005      0.157918304       14.5741987       1.68778148E-04   1.45424987E-04  0.861633956      -5.08235826E-05  -6.05076857E-05   1.43366327E-04   2.19601730E-04   1.43366356E-04   1.15172545E-04   2.05932651E-04   1.15169758E-04 -0.301126570     -0.416074902     k_33_2_36                                                                          8.56223196E-05   2.79329015E-05   4.07239240E-05   2.81522625E-06   1.02305843E-04   3.17880113E-05   4.95935819E-05   3.13476721E-06
   99.0000000       0.00000000       1.11000001       10.5419998       17.9882107       2.20000005      0.139445603       16.5437145       7.21482065E-05   6.27141490E-05  0.869240582      -1.62858505E-05  -2.21701957E-05   6.40052895E-05   8.84340625E-05   6.40052749E-05   5.16284235E-05   8.48843410E-05   5.16296786E-05 -0.225727722     -0.353511870     k_33_2_37                                                                          8.68964635E-05   2.29871803E-05   3.48184876E-05   2.07172525E-06   1.02877704E-04   2.60994639E-05   4.19386270E-05   2.24231917E-06
   99.0000000       0.00000000       1.13999999       10.5419998       27.9625511       2.20000005      0.121510364       19.0278244       1.83207758E-05   1.60277032E-05  0.874837577      -2.39544511E-06  -4.39800988E-06   1.71230568E-05   2.07162193E-05   1.71230495E-05   1.38287096E-05   2.04257121E-05   1.38286887E-05 -0.130750194     -0.274400502     k_33_2_38                                                                          9.13994518E-05   1.92413390E-05   3.05678659E-05   1.52796292E-06   1.07770102E-04   2.18512214E-05   3.64932093E-05   1.59973388E-06
