 #! thr0[f,0]/ phr0[f,1]/ pr[f,2]/ ei[f,3]/ th_e[f,4]/ q2[f,5]/ x[f,6]/ plab[f,7]/ crs0[f,8]/ crs12[f,9]/  ratio[f,10]/ crs_ten0[f,11]/ crs_ten12[f,12]/  crs_pol0_-1[f,13]/ crs_pol0_0[f,14]/ crs_pol0_1[f,15]/ crs_pol12_-1[f,16]/ crs_pol12_0[f,17]/ crs_pol12_1[f,18]/ asym0[f,19]/ asym12[f,20]/ ID[s,21]/ w_l[f,22]/ w_t[f,23]/ w_lt[f,24]/ w_tt[f,25]/ w_l_pwia[f,26]/ w_t_pwia[f,27]/ w_lt_pwia[f,28]/ w_tt_pwia[f,29]/ 
   99.0000000       0.00000000       0.00000000       10.5419998       14.2873306       5.09999990      0.998667300       3.53636122       1286.83899       1258.10425      0.977670312      -9.62437317E-03  -4.71179295       1286.83423       1286.84863       1286.83423       1255.74854       1262.81604       1255.74854      -7.47908098E-06  -3.74515308E-03 k_33_31_0                                                                          9.49598312       87.7004166       2.35357467E-04  -3.81469727E-05   9.71823883       89.6996536      -4.33680869E-19   0.00000000    
   99.0000000       0.00000000       2.99999993E-02   10.5419998       14.3058872       5.09999990      0.991319597       3.57806110       627.682312       608.260254      0.969057500       8.95939445       5.58369398       632.162048       618.722900       632.162048       611.052063       602.676453       611.052063       1.42737720E-02   9.17977747E-03 k_33_31_1                                                                          4.51726723       41.3308258       1.44963133       9.33074951E-03   4.66764498       42.6717339       1.47459579       9.46044922E-03
   99.0000000       0.00000000       5.99999987E-02   10.5419998       14.3290710       5.09999990      0.982329428       3.62988877       164.073608       154.857971      0.943832278       9.33623314       7.50657606       168.741714       154.737381       168.741730       158.611237       147.351379       158.611237       5.69027103E-02   4.84739393E-02 k_33_31_2                                                                          1.13828123       10.2839756      0.735050559       9.46378708E-03   1.21034253       10.9172869      0.758545816       9.68647003E-03
   99.0000000       0.00000000       9.00000036E-02   10.5419998       14.3571310       5.09999990      0.971721053       3.69221807       46.2446899       41.9522057      0.907178879       5.87964010       4.87511158       49.1845016       40.3650475       49.1845016       44.3897629       37.0770912       44.3897629      0.127141953      0.116206326     k_33_31_3                                                                         0.307485193       2.72890329      0.299460411       5.76746464E-03  0.340955496       3.02249479      0.316995323       6.03568554E-03
   99.0000000       0.00000000      0.119999997       10.5419998       14.3902836       5.09999990      0.959555387       3.76531243       15.3754272       13.1934662      0.858087778       3.43164134       2.82352996       17.0912495       11.9437885       17.0912495       14.6052284       10.3699369       14.6052322      0.223189980      0.214009717     k_33_31_4                                                                          9.69875380E-02  0.841967463      0.127011418       3.25331092E-03  0.114170581      0.990617871      0.139535531       3.51724029E-03
   99.0000000       0.00000000      0.150000006       10.5419998       14.4288292       5.09999990      0.945889115       3.84956026       5.85293579       4.75789976      0.812908232       1.99842334       1.62576866       6.85214615       3.85451221       6.85214615       5.57078314       3.13213181       5.57078648      0.341439486      0.341698796     k_33_31_5                                                                          3.54191847E-02  0.298901439       5.77356368E-02   1.83784962E-03   4.41175066E-02  0.373065621       6.62284866E-02   2.07012892E-03
   99.0000000       0.00000000      0.180000007       10.5419998       14.4730749       5.09999990      0.930803180       3.94531012       2.47129607       1.93340445      0.782344341       1.17535710      0.946051359       3.05897474       1.29593897       3.05897450       2.40642905      0.987353086       2.40643096      0.475603521      0.489318907     k_33_31_6                                                                          1.47815105E-02  0.120356396       2.80603468E-02   1.05820969E-03   1.90641806E-02  0.156398416       3.36243212E-02   1.24970824E-03
   99.0000000       0.00000000      0.209999993       10.5419998       14.5234137       5.09999990      0.914372206       4.05304098       1.13342202      0.859806776      0.758593678      0.697731555      0.552661896       1.48228788      0.435690641       1.48228776       1.13613737      0.307144880       1.13613808      0.615597308      0.642774522     k_33_31_7                                                                          6.83210744E-03   5.34665920E-02   1.43868309E-02   6.22648746E-04   9.02471878E-03   7.14796036E-02   1.81103200E-02   7.77296722E-04
   99.0000000       0.00000000      0.239999995       10.5419998       14.5802994       5.09999990      0.896682918       4.17326450      0.557801068      0.425028056      0.761970699      0.416681707      0.326575011      0.766142070      0.141119480      0.766141951      0.588315368       9.84530672E-02  0.588315785      0.747007728      0.768361092     k_33_31_8                                                                          3.57762864E-03   2.67088544E-02   7.90917780E-03   3.79666686E-04   4.62520821E-03   3.51858847E-02   1.03004910E-02   4.99516726E-04
   99.0000000       0.00000000      0.270000011       10.5419998       14.6442556       5.09999990      0.877825558       4.30656862      0.292594641      0.228594199      0.781265855      0.249365672      0.192334071      0.417277426       4.32289578E-02  0.417277455      0.324761212       3.62601392E-02  0.324761242      0.852256477      0.841377735     k_33_31_9                                                                          2.04354012E-03   1.46850375E-02   4.62089898E-03   2.43442133E-04   2.55019730E-03   1.85315609E-02   6.17535179E-03   3.32661904E-04
   99.0000000       0.00000000      0.300000012       10.5419998       14.7159071       5.09999990      0.857891321       4.45363903      0.162899300      0.133627132      0.820305109      0.148980722      0.112995908      0.237389654       1.39186280E-02  0.237389639      0.190124854       2.06312425E-02  0.190125361      0.914557159      0.845606029     k_33_31_10                                                                         1.28021103E-03   8.83440580E-03   2.91392091E-03   1.64519995E-04   1.50703895E-03   1.04001034E-02   3.89922643E-03   2.30140053E-04
   99.0000000       0.00000000      0.330000013       10.5419998       14.7959948       5.09999990      0.836973310       4.61526442       9.58344340E-02   8.65802765E-02  0.903436005       8.84836689E-02   6.83886036E-02  0.140076265       7.35076098E-03  0.140076265      0.120774508       1.81916561E-02  0.120774634      0.923297226      0.789886653     k_33_31_11                                                                         9.00362444E-04   5.94762387E-03   2.00761366E-03   1.20380428E-04   9.50751477E-04   6.19302643E-03   2.58798455E-03   1.65448524E-04
   99.0000000       0.00000000      0.360000014       10.5419998       14.8853760       5.09999990      0.815167904       4.79231596       5.92238195E-02   5.16733825E-02  0.872510135       5.20088114E-02   3.65520306E-02   8.52282196E-02   7.21499603E-03   8.52282196E-02   6.99492693E-02   1.51213510E-02   6.99495301E-02  0.878173888      0.707366705     k_33_31_12                                                                         5.58377185E-04   3.62275215E-03   1.36441260E-03   8.85730842E-05   6.36831566E-04   3.89064848E-03   1.79823232E-03   1.23301637E-04
   99.0000000       0.00000000      0.389999986       10.5419998       14.9850941       5.09999990      0.792566955       4.98583460       3.81476581E-02   3.37268151E-02  0.884112358       3.00874077E-02   1.96352508E-02   5.31913601E-02   8.06025509E-03   5.31913713E-02   4.35443521E-02   1.40915662E-02   4.35445309E-02  0.788709164      0.582185149     k_33_31_13                                                                         3.82268307E-04   2.44854391E-03   9.87456762E-04   6.89787557E-05   4.49590792E-04   2.55938061E-03   1.29987637E-03   9.47796507E-05
   99.0000000       0.00000000      0.419999987       10.5419998       15.0963764       5.09999990      0.769261718       5.19700050       2.53911316E-02   2.29066573E-02  0.902151883       1.70097798E-02   9.98771470E-03   3.38960215E-02   8.38135276E-03   3.38960215E-02   2.79004630E-02   1.29189454E-02   2.79005673E-02  0.669910252      0.436017990     k_33_31_14                                                                         2.68076983E-04   1.73429865E-03   7.43266137E-04   5.59885520E-05   3.31801362E-04   1.74834207E-03   9.70309309E-04   7.46588339E-05
   99.0000000       0.00000000      0.449999988       10.5419998       15.2207117       5.09999990      0.745341301       5.42716312       1.73086300E-02   1.55443959E-02  0.898072004       9.29469056E-03   4.12369147E-03   2.19559763E-02   8.01393762E-03   2.19559763E-02   1.76061969E-02   1.14207035E-02   1.76062845E-02  0.536997497      0.265284777     k_33_31_15                                                                         2.00026640E-04   1.21129700E-03   5.76515275E-04   4.61825402E-05   2.53809587E-04   1.22966943E-03   7.42089469E-04   5.98359038E-05
   99.0000000       0.00000000      0.479999989       10.5419998       15.3598833       5.09999990      0.720892966       5.67786884       1.19905975E-02   1.07505275E-02  0.896579802       4.82267514E-03   1.56552857E-03   1.44019369E-02   7.16792233E-03   1.44019350E-02   1.15332128E-02   9.18499939E-03   1.15333702E-02  0.402204752      0.145623416     k_33_31_16                                                                         1.52613735E-04   8.68987991E-04   4.54530731E-04   3.77650431E-05   1.99759161E-04   8.83993343E-04   5.77546365E-04   4.84874181E-05
   99.0000000       0.00000000      0.509999990       10.5419998       15.5160828       5.09999990      0.695997775       5.95092058       8.38651508E-03   7.50738010E-03  0.895172775       2.29342608E-03   3.16107005E-04   9.53322835E-03   6.09308900E-03   9.53322835E-03   7.66542135E-03   7.19127338E-03   7.66544836E-03  0.273465931       4.21061665E-02 k_33_31_17                                                                         1.18168544E-04   6.36086916E-04   3.59322963E-04   3.12229677E-05   1.60770302E-04   6.45669876E-04   4.54842870E-04   3.95202660E-05
   99.0000000       0.00000000      0.540000021       10.5419998       15.6920147       5.09999990      0.670732737       6.24840593       5.89094404E-03   5.22417156E-03  0.886813998       9.14244971E-04  -2.50854646E-04   6.34806743E-03   4.97670006E-03   6.34806743E-03   5.09872474E-03   5.47502609E-03   5.09876292E-03  0.155194983      -4.80180718E-02 k_33_31_18                                                                         9.29518137E-05   4.66652738E-04   2.84050708E-04   2.56103958E-05   1.31666689E-04   4.76929476E-04   3.60885431E-04   3.22663836E-05
   99.0000000       0.00000000      0.569999993       10.5419998       15.8910246       5.09999990      0.645172477       6.57272148       4.13869508E-03   3.61403334E-03  0.873230159       2.03664313E-04  -4.66000958E-04   4.24052682E-03   3.93503066E-03   4.24052728E-03   3.38102295E-03   4.08003386E-03   3.38104251E-03   4.92097884E-02 -0.128942072     k_33_31_19                                                                         7.43712881E-05   3.42403306E-04   2.24230898E-04   2.08852725E-05   1.09324043E-04   3.55075521E-04   2.87554605E-04   2.63102265E-05
   99.0000000       0.00000000      0.600000024       10.5419998       16.1173515       5.09999990      0.619384408       6.92669106       2.89789634E-03   2.48228433E-03  0.856581450      -1.28168016E-04  -4.98562411E-04   2.83381226E-03   3.02606449E-03   2.83381226E-03   2.23299931E-03   2.98084668E-03   2.23300653E-03  -4.42279503E-02 -0.200848222     k_33_31_20                                                                         6.05570240E-05   2.51297170E-04   1.76603688E-04   1.68234910E-05   9.17510188E-05   2.65746727E-04   2.29513244E-04   2.13744206E-05
   99.0000000       0.00000000      0.629999995       10.5419998       16.3764210       5.09999990      0.593431115       7.31361532       2.01634876E-03   1.68797548E-03  0.837144613      -2.53492239E-04  -4.52513603E-04   1.88960263E-03   2.26984103E-03   1.88960263E-03   1.46171951E-03   2.14048917E-03   1.46171823E-03 -0.125718445     -0.268080682     k_33_31_21                                                                         5.00668648E-05   1.84116478E-04   1.38532298E-04   1.34047514E-05   7.76530287E-05   1.99564936E-04   1.83158787E-04   1.72697328E-05
   99.0000000       0.00000000      0.660000026       10.5419998       16.6752472       5.09999990      0.567372978       7.73733616       1.39241840E-03   1.14028563E-03  0.818924546      -2.73210258E-04  -3.74953437E-04   1.25581317E-03   1.66562852E-03   1.25581294E-03   9.52805160E-04   1.51523890E-03   9.52812203E-04 -0.196212754     -0.328824133     k_33_31_22                                                                         4.21486002E-05   1.35312468E-04   1.08690816E-04   1.06379666E-05   6.62469392E-05   1.50376902E-04   1.46142775E-04   1.38772448E-05
   99.0000000       0.00000000      0.689999998       10.5419998       17.0231724       5.09999990      0.541262388       8.20244408       9.51086753E-04   7.62583979E-04  0.801802754      -2.44249240E-04  -2.92299868E-04   8.28962249E-04   1.19533599E-03   8.28962249E-04   6.16435835E-04   1.05488382E-03   6.16432400E-04 -0.256810695     -0.383301884     k_33_31_23                                                                         3.59645564E-05   9.96409071E-05   8.50997749E-05   8.32453225E-06   5.68364121E-05   1.13490001E-04   1.16365154E-04   1.10685432E-05
   99.0000000       0.00000000      0.720000029       10.5419998       17.4328232       5.09999990      0.515148461       8.71437645       6.41434221E-04   5.04804659E-04  0.786993623      -1.97860441E-04  -2.18744084E-04   5.42503956E-04   8.39294633E-04   5.42503956E-04   3.95431678E-04   7.23548699E-04   3.95433482E-04 -0.308465689     -0.433324218     k_33_31_24                                                                         3.11074909E-05   7.35444337E-05   6.66420892E-05   6.53537791E-06   4.90230923E-05   8.57971609E-05   9.24652195E-05   8.76229387E-06
   99.0000000       0.00000000      0.750000000       10.5419998       17.9217567       5.09999990      0.489076406       9.27962589       4.25833976E-04   3.29557777E-04  0.773911417      -1.49926418E-04  -1.57151706E-04   3.50870716E-04   5.75760379E-04   3.50870774E-04   2.50981568E-04   4.86709498E-04   2.50982324E-04 -0.352077156     -0.476856321     k_33_31_25                                                                         2.71724020E-05   5.44280738E-05   5.20839058E-05   5.05862045E-06   4.24629325E-05   6.49276917E-05   7.32645349E-05   6.87801366E-06
   99.0000000       0.00000000      0.779999971       10.5419998       18.5152264       5.09999990      0.463085264       9.90606785       2.77776038E-04   2.12356928E-04  0.764489710      -1.07780332E-04  -1.09178094E-04   2.23885872E-04   3.85556341E-04   2.23885872E-04   1.57767383E-04   3.21535073E-04   1.57768445E-04 -0.388011634     -0.514125407     k_33_31_26                                                                         2.39876008E-05   4.05166793E-05   4.07928492E-05   3.91468893E-06   3.69685476E-05   4.92449253E-05   5.79491243E-05   5.35798245E-06
   99.0000000       0.00000000      0.810000002       10.5419998       19.2509251       5.09999990      0.437211663       10.6032400       1.77061622E-04   1.34266244E-04  0.758302331      -7.38528688E-05  -7.31449763E-05   1.40135162E-04   2.50914483E-04   1.40135176E-04   9.76940210E-05   2.07411213E-04   9.76934971E-05 -0.417102635     -0.544775605     k_33_31_27                                                                         2.13293497E-05   3.03025590E-05   3.19410792E-05   3.00609827E-06   3.22932137E-05   3.73787807E-05   4.56820890E-05   4.13432645E-06
   99.0000000       0.00000000      0.839999974       10.5419998       20.1880646       5.09999990      0.411487371       11.3828840       1.09890425E-04   8.30232093E-05  0.755509019      -4.82524119E-05  -4.68525141E-05   8.57642081E-05   1.58142822E-04   8.57642081E-05   5.95967722E-05   1.29875727E-04   5.95971433E-05 -0.439095676     -0.564330339     k_33_31_28                                                                         1.91267918E-05   2.28161698E-05   2.50713911E-05   2.29654052E-06   2.83554109E-05   2.84494745E-05   3.59590376E-05   3.16458681E-06
   99.0000000       0.00000000      0.870000005       10.5419998       21.4257927       5.09999990      0.385940939       12.2595634       6.58541321E-05   4.98367772E-05  0.756775260      -2.99160529E-05  -2.86720169E-05   5.08961057E-05   9.57701850E-05   5.08961020E-05   3.55007905E-05   7.85088050E-05   3.55007578E-05 -0.454277545     -0.575318456     k_33_31_29                                                                         1.72809723E-05   1.73232183E-05   1.97113386E-05   1.74826255E-06   2.50230805E-05   2.17091765E-05   2.82588135E-05   2.40123973E-06
   99.0000000       0.00000000      0.899999976       10.5419998       23.1453915       5.09999990      0.360597551       13.2515774       3.76011085E-05   2.86762606E-05  0.762643993      -1.73810695E-05  -1.68049555E-05   2.89105647E-05   5.49821743E-05   2.89105683E-05   2.02737574E-05   4.54812180E-05   2.02738102E-05 -0.462248862     -0.586023271     k_33_31_30                                                                         1.56683018E-05   1.32531632E-05   1.55719736E-05   1.32831065E-06   2.21895079E-05   1.66025820E-05   2.21638256E-05   1.80442930E-06
   99.0000000       0.00000000      0.930000007       10.5419998       25.7230721       5.09999990      0.335478961       14.3822317       2.00224313E-05   1.54469981E-05  0.771484613      -9.25525364E-06  -9.09453684E-06   1.53948040E-05   2.92776876E-05   1.53948040E-05   1.08997128E-05   2.45415304E-05   1.08997474E-05 -0.462244242     -0.588757575     k_33_31_31                                                                         1.43084017E-05   1.02196191E-05   1.23188511E-05   1.00181433E-06   1.98128582E-05   1.27462590E-05   1.73803055E-05   1.34416132E-06
   99.0000000       0.00000000      0.959999979       10.5419998       30.1139793       5.09999990      0.310604751       15.6816387       9.47589251E-06   7.42011707E-06  0.783052027      -4.29550209E-06  -4.29112424E-06   7.32814124E-06   1.37713942E-05   7.32814260E-06   5.27461179E-06   1.17112422E-05   5.27449765E-06 -0.453308433     -0.578309536     k_33_31_32                                                                         1.31787428E-05   7.93247818E-06   9.78234766E-06   7.52094138E-07   1.78352693E-05   9.82908750E-06   1.36384051E-05   9.92409241E-07
   99.0000000       0.00000000      0.990000010       10.5419998       39.8957100       5.09999990      0.285990894       17.1894627       3.46910292E-06   2.77115578E-06  0.798810482      -1.50873552E-06  -1.53755252E-06   2.71473505E-06   4.97783913E-06   2.71473550E-06   2.00235991E-06   4.30870841E-06   2.00239856E-06 -0.434906542     -0.554841578     k_33_31_33                                                                         1.22992806E-05   6.22389325E-06   7.83834639E-06   5.64646825E-07   1.62530487E-05   7.63673324E-06   1.07475598E-05   7.27825181E-07
   99.0000000       0.00000000       1.01999998       10.5419998       124.003754       5.09999990      0.261651725       18.9589157       3.03622045E-07   2.48995832E-07  0.820084810      -1.22832432E-07  -1.30934666E-07   2.42205829E-07   4.26454505E-07   2.42205829E-07   1.83527348E-07   3.79930498E-07   1.83529664E-07 -0.404557019     -0.525850832     k_33_31_34                                                                         1.15964331E-05   4.91663013E-06   6.31912098E-06   4.22691073E-07   1.50088063E-05   5.97543476E-06   8.50758806E-06   5.29448471E-07
