 #! thr0[f,0]/ phr0[f,1]/ pr[f,2]/ ei[f,3]/ th_e[f,4]/ q2[f,5]/ x[f,6]/ plab[f,7]/ crs0[f,8]/ crs12[f,9]/  ratio[f,10]/ crs_ten0[f,11]/ crs_ten12[f,12]/  crs_pol0_-1[f,13]/ crs_pol0_0[f,14]/ crs_pol0_1[f,15]/ crs_pol12_-1[f,16]/ crs_pol12_0[f,17]/ crs_pol12_1[f,18]/ asym0[f,19]/ asym12[f,20]/ ID[s,21]/ w_l[f,22]/ w_t[f,23]/ w_lt[f,24]/ w_tt[f,25]/ w_l_pwia[f,26]/ w_t_pwia[f,27]/ w_lt_pwia[f,28]/ w_tt_pwia[f,29]/ 
   99.0000000       0.00000000       0.00000000       10.5419998       16.9777489       6.50000000      0.998740911       4.30442762       371.999207       363.966400      0.978406370      -2.77073379E-03  -1.33474934       371.997833       372.001953       371.997833       363.299042       365.301147       363.299042      -7.44822501E-06  -3.66723235E-03 k_33_45_0                                                                          4.65723801       47.1679153       9.68137556E-06  -1.90734863E-05   4.76252079       48.2073593       4.33680869E-19   0.00000000    
   99.0000000       0.00000000       2.99999993E-02   10.5419998       17.0072842       6.50000000      0.991772413       4.35427237       180.488815       174.981033      0.969484091       2.57623959       1.61392641       181.776917       177.912552       181.776917       175.788025       173.367111       175.788010       1.42736798E-02   9.22343601E-03 k_33_45_1                                                                          2.21625638       22.2232361      0.765680850       4.13990021E-03   2.28872132       22.9329338      0.778756797       4.29916382E-03
   99.0000000       0.00000000       5.99999987E-02   10.5419998       17.0441227       6.50000000      0.983265519       4.41604042       46.9275246       44.3249779      0.944541156       2.67030072       2.15261292       48.2626801       44.2572289       48.2626724       45.4012871       42.1723633       45.4012871       5.69026545E-02   4.85643335E-02 k_33_45_2                                                                         0.559407055       5.53232765      0.388278633       4.29987907E-03  0.594003975       5.86734438      0.400692552       4.40025330E-03
   99.0000000       0.00000000       9.00000036E-02   10.5419998       17.0885067       6.50000000      0.973278940       4.48988342       13.1558952       11.8806944      0.903070033       1.67266452       1.37943709       13.9922266       11.4832296       13.9922266       12.5704126       10.5012560       12.5704126      0.127141818      0.116107449     k_33_45_3                                                                         0.150407866       1.46031404      0.157914266       2.61580944E-03  0.167546496       1.62442327      0.167491063       2.74127722E-03
   99.0000000       0.00000000      0.119999997       10.5419998       17.1408768       6.50000000      0.961849213       4.57621527       4.35034370       3.71711826      0.854442418      0.970953047      0.796604991       4.83581972       3.37938976       4.83582020       4.11542082       2.92051387       4.11542177      0.223189965      0.214307144     k_33_45_4                                                                          4.75309938E-02  0.450916767       6.69939294E-02   1.47588551E-03   5.61977327E-02  0.532410383       7.37464875E-02   1.59770250E-03
   99.0000000       0.00000000      0.150000006       10.5419998       17.2017536       6.50000000      0.949022770       4.67549133       1.64687514       1.33719540      0.811959207      0.562308192      0.455414385       1.92802954       1.08456707       1.92802930       1.56490207      0.881781101       1.56490302      0.341439486      0.340574294     k_33_45_5                                                                          1.75526123E-02  0.160598725       3.05527300E-02   8.37758183E-04   2.17613708E-02  0.200508118       3.50128449E-02   9.40285623E-04
   99.0000000       0.00000000      0.180000007       10.5419998       17.2716866       6.50000000      0.934862673       4.78815413      0.691409707      0.531107008      0.768150926      0.328836948      0.261332244      0.855828285      0.362572819      0.855828106      0.661773026      0.269774795      0.661773205      0.475603610      0.492051959     k_33_45_6                                                                          7.18132779E-03   6.34696186E-02   1.47237238E-02   4.83322889E-04   9.42741707E-03   8.40589777E-02   1.77814793E-02   5.67652285E-04
   99.0000000       0.00000000      0.209999993       10.5419998       17.3513985       6.50000000      0.919428766       4.91478825      0.315237850      0.236774892      0.751099169      0.194059595      0.151980162      0.412267685      0.121178322      0.412267745      0.312764764       8.47947299E-02  0.312765211      0.615597367      0.641876161     k_33_45_7                                                                          3.38790845E-03   2.84197424E-02   7.59723643E-03   2.83043832E-04   4.47613467E-03   3.84180024E-02   9.58020147E-03   3.53069976E-04
   99.0000000       0.00000000      0.239999995       10.5419998       17.4417000       6.50000000      0.902790368       5.05602169      0.154187784      0.113912523      0.738790870      0.115179449       8.82105380E-02  0.211777508       3.90083343E-02  0.211777493      0.158017531       2.57019959E-02  0.158018053      0.747007608      0.774370849     k_33_45_8                                                                          1.72659045E-03   1.38625912E-02   4.11961135E-03   1.70526560E-04   2.30193790E-03   1.89110152E-02   5.45053184E-03   2.26890668E-04
   99.0000000       0.00000000      0.270000011       10.5419998       17.5435638       6.50000000      0.885019720       5.21257496       8.03575888E-02   6.04961067E-02  0.752836287       6.84852749E-02   5.12909144E-02  0.114600226       1.18723121E-02  0.114600234       8.61414745E-02   9.20519233E-03   8.61416459E-02  0.852256477      0.847838283     k_33_45_9                                                                          9.80710378E-04   7.55028985E-03   2.39700265E-03   1.12682581E-04   1.27417163E-03   9.95968282E-03   3.26868473E-03   1.51101034E-04
   99.0000000       0.00000000      0.300000012       10.5419998       17.6581326       6.50000000      0.866194546       5.38525534       4.44334373E-02   3.44097391E-02  0.774410903       4.06369045E-02   2.94612516E-02   6.47518933E-02   3.79653205E-03   6.47518933E-02   4.91403490E-02   4.94849123E-03   4.91403751E-02  0.914556861      0.856189311     k_33_45_10                                                                         6.00984960E-04   4.43276763E-03   1.48967607E-03   7.22783152E-05   7.56245397E-04   5.58916898E-03   2.06448999E-03   1.04533508E-04
   99.0000000       0.00000000      0.330000013       10.5419998       17.7867756       6.50000000      0.846392453       5.57499838       2.59508267E-02   2.12197620E-02  0.817691207       2.39603315E-02   1.69213209E-02   3.79309952E-02   1.99049897E-03   3.79309952E-02   2.96803564E-02   4.29843972E-03   2.96804868E-02  0.923297405      0.797432184     k_33_45_11                                                                         3.95971641E-04   2.84367893E-03   9.96487099E-04   5.23024937E-05   4.79364593E-04   3.32792080E-03   1.37058436E-03   7.51500484E-05
   99.0000000       0.00000000      0.360000014       10.5419998       17.9311428       6.50000000      0.825691223       5.78288317       1.59125831E-02   1.31886667E-02  0.828819990       1.39740175E-02   8.92851688E-03   2.28995904E-02   1.93856505E-03   2.28995886E-02   1.76529083E-02   4.26014932E-03   1.76529437E-02  0.878174067      0.676984072     k_33_45_12                                                                         2.57499574E-04   1.84370251E-03   6.80336612E-04   3.86855099E-05   3.22729262E-04   2.09043641E-03   9.52544971E-04   5.60063636E-05
   99.0000000       0.00000000      0.389999986       10.5419998       18.0932045       6.50000000      0.804170132       6.01012945       1.01639237E-02   8.55429657E-03  0.841633320       8.01637862E-03   4.53507947E-03   1.41721144E-02   2.14754464E-03   1.41721126E-02   1.08218174E-02   4.01921710E-03   1.08218575E-02  0.788709044      0.530152261     k_33_45_13                                                                         1.82704622E-04   1.23669696E-03   5.00643044E-04   3.06793372E-05   2.29069861E-04   1.37490244E-03   6.88675151E-04   4.30510263E-05
   99.0000000       0.00000000      0.419999987       10.5419998       18.2753544       6.50000000      0.781908035       6.25812960       6.70372276E-03   5.75417699E-03  0.858355463       4.49089194E-03   2.15609325E-03   8.94916896E-03   2.21283082E-03   8.94916896E-03   6.83221826E-03   3.59808374E-03   6.83222804E-03  0.669910133      0.374700546     k_33_45_14                                                                         1.33583759E-04   8.61964654E-04   3.86789354E-04   2.47667485E-05   1.70000814E-04   9.38987476E-04   5.14125219E-04   3.39118124E-05
   99.0000000       0.00000000      0.449999988       10.5419998       18.4805317       6.50000000      0.758981049       6.52849722       4.52456484E-03   4.00748337E-03  0.885716856       2.42968043E-03   9.79686272E-04   5.73940435E-03   2.09488464E-03   5.73940482E-03   4.49731294E-03   3.02779675E-03   4.49733855E-03  0.536997616      0.244464219     k_33_45_15                                                                         1.01632562E-04   6.31091185E-04   3.03249020E-04   2.04999524E-05   1.30781991E-04   6.60222024E-04   3.93216149E-04   2.71787576E-05
   99.0000000       0.00000000      0.479999989       10.5419998       18.7123528       6.50000000      0.735463917       6.82308102       3.10032605E-03   2.79067154E-03  0.900121927       1.24696572E-03   3.64304928E-04   3.72380926E-03   1.85336033E-03   3.72380926E-03   2.97281868E-03   2.42636679E-03   2.97282985E-03  0.402204692      0.130543828     k_33_45_16                                                                         7.79468392E-05   4.63710778E-04   2.39937377E-04   1.70751591E-05   1.03516555E-04   4.74445143E-04   3.06014525E-04   2.20240618E-05
   99.0000000       0.00000000      0.509999990       10.5419998       18.9753284       6.50000000      0.711429596       7.14399719       2.14238372E-03   1.93294138E-03  0.902238667       5.85869129E-04   5.80388769E-05   2.43531843E-03   1.55651476E-03   2.43531843E-03   1.96195766E-03   1.87490240E-03   1.96196395E-03  0.273466021       3.00261956E-02 k_33_45_17                                                                         6.06690446E-05   3.40604805E-04   1.90083971E-04   1.41777418E-05   8.37763218E-05   3.46374320E-04   2.40965237E-04   1.79509516E-05
   99.0000000       0.00000000      0.540000021       10.5419998       19.2751808       6.50000000      0.686945379       7.49373341       1.48472551E-03   1.32875133E-03  0.894947469       2.30421880E-04  -7.99433474E-05   1.59993640E-03   1.25430361E-03   1.59993663E-03   1.28877768E-03   1.40869466E-03   1.28878176E-03  0.155194938      -6.01642653E-02 k_33_45_18                                                                         4.80569761E-05   2.49857520E-04   1.50388296E-04   1.16519877E-05   6.89773660E-05   2.55707506E-04   1.91139363E-04   1.46560487E-05
   99.0000000       0.00000000      0.569999993       10.5419998       19.6191978       6.50000000      0.662079751       7.87510443       1.02743309E-03   9.06083267E-04  0.881890297       5.05597818E-05  -1.26076760E-04   1.05271267E-03   9.76873096E-04   1.05271267E-03   8.43043847E-04   1.03216013E-03   8.43045826E-04   4.92098033E-02 -0.139144778     k_33_45_19                                                                         3.87018626E-05   1.83307726E-04   1.18692878E-04   9.46543878E-06   5.75609192E-05   1.90248684E-04   1.52243243E-04   1.19507022E-05
   99.0000000       0.00000000      0.600000024       10.5419998       20.0169411       6.50000000      0.636893094       8.29146385       7.07167550E-04   6.11834286E-04  0.865189970      -3.12765806E-05  -1.30124696E-04   6.91529247E-04   7.38444098E-04   6.91529305E-04   5.46770345E-04   7.41958909E-04   5.46773372E-04  -4.42279652E-02 -0.212679639     k_33_45_20                                                                         3.16589649E-05   1.34444388E-04   9.33610572E-05   7.62092532E-06   4.85321980E-05   1.42275036E-04   1.21450605E-04   9.70871042E-06
   99.0000000       0.00000000      0.629999995       10.5419998       20.4810829       6.50000000      0.611444533       8.74668789       4.82478557E-04   4.08304448E-04  0.846264422      -6.06563954E-05  -1.13393522E-04   4.52150387E-04   5.43134927E-04   4.52150387E-04   3.51607770E-04   5.21697977E-04   3.51607625E-04 -0.125718325     -0.277718067     k_33_45_21                                                                         2.63373913E-05   9.84997314E-05   7.31721957E-05   6.08342816E-06   4.12463778E-05   1.06746571E-04   9.68566019E-05   7.84428266E-06
   99.0000000       0.00000000      0.660000026       10.5419998       21.0288830       6.50000000      0.585788608       9.24535179       3.25688015E-04   2.69460696E-04  0.827358365      -6.39041100E-05  -9.11278548E-05   2.93735939E-04   3.89592140E-04   2.93735939E-04   2.23896350E-04   3.60588572E-04   2.23897165E-04 -0.196212649     -0.338186085     k_33_45_22                                                                         2.22899780E-05   7.22908590E-05   5.73032012E-05   4.78186121E-06   3.53166943E-05   8.03533476E-05   7.72172934E-05   6.30333307E-06
   99.0000000       0.00000000      0.689999998       10.5419998       21.6844616       6.50000000      0.559976757       9.79283905       2.16594446E-04   1.75335110E-04  0.809508801      -5.56237937E-05  -6.88591754E-05   1.88782549E-04   2.72218254E-04   1.88782564E-04   1.40905293E-04   2.44194292E-04   1.40905773E-04 -0.256810814     -0.392728955     k_33_45_23                                                                         1.91009494E-05   5.30860852E-05   4.47811508E-05   3.78237200E-06   3.03942725E-05   6.05725872E-05   6.14207529E-05   5.02757212E-06
   99.0000000       0.00000000      0.720000029       10.5419998       22.4827213       6.50000000      0.534055948       10.3955784       1.41485158E-04   1.12252121E-04  0.793384433      -4.36433002E-05  -4.98295558E-05   1.19663528E-04   1.85128447E-04   1.19663528E-04   8.73375684E-05   1.62081677E-04   8.73371464E-05 -0.308465570     -0.443907470     k_33_45_24                                                                         1.65485399E-05   3.90964051E-05   3.49367037E-05   2.94845995E-06   2.62828926E-05   4.57326678E-05   4.87455945E-05   3.98000702E-06
   99.0000000       0.00000000      0.750000000       10.5419998       23.4762306       6.50000000      0.508070230       11.0612288       9.03388500E-05   7.04261911E-05  0.779578149      -3.18062448E-05  -3.43563916E-05   7.44357239E-05   1.22145080E-04   7.44357312E-05   5.32479571E-05   1.04782586E-04   5.32480371E-05 -0.352077156     -0.487835437     k_33_45_25                                                                         1.44877367E-05   2.88602587E-05   2.72312918E-05   2.28400859E-06   2.28111367E-05   3.45590015E-05   3.85673193E-05   3.12413431E-06
   99.0000000       0.00000000      0.779999971       10.5419998       24.7485352       6.50000000      0.482059240       11.7990618       5.61183151E-05   4.31694571E-05  0.769257903      -2.17745510E-05  -2.27139280E-05   4.52310414E-05   7.78928661E-05   4.52310414E-05   3.18124075E-05   6.58833887E-05   3.18125822E-05 -0.388011485     -0.526157379     k_33_45_26                                                                         1.28074189E-05   2.14258034E-05   2.12519499E-05   1.76119374E-06   1.98882681E-05   2.61706828E-05   3.04534788E-05   2.43371505E-06
   99.0000000       0.00000000      0.810000002       10.5419998       26.4418144       6.50000000      0.456059575       12.6203442       3.35672594E-05   2.56057774E-05  0.762820005      -1.40009961E-05  -1.42617364E-05   2.65667659E-05   4.75682609E-05   2.65667659E-05   1.84748133E-05   3.98675184E-05   1.84750061E-05 -0.417102754     -0.556973398     k_33_45_27                                                                         1.13944343E-05   1.59886549E-05   1.65878773E-05   1.34749007E-06   1.73887638E-05   1.98309390E-05   2.39596320E-05   1.87790374E-06
   99.0000000       0.00000000      0.839999974       10.5419998       28.8221836       6.50000000      0.430104017       13.5389242       1.90951378E-05   1.45160984E-05  0.760198653      -8.38459255E-06  -8.40604480E-06   1.49028401E-05   2.74797276E-05   1.49028401E-05   1.03130278E-05   2.29221405E-05   1.03131215E-05 -0.439095676     -0.579084337     k_33_45_28                                                                         1.02151234E-05   1.20127625E-05   1.29742330E-05   1.03171124E-06   1.52744833E-05   1.50662963E-05   1.88173126E-05   1.43742545E-06
   99.0000000       0.00000000      0.870000005       10.5419998       32.4623222       6.50000000      0.404222816       14.5719767       1.00596326E-05   7.65230470E-06  0.760694265      -4.56986572E-06  -4.50514062E-06   7.77469995E-06   1.46294979E-05   7.77469995E-06   5.39971006E-06   1.21574458E-05   5.39975917E-06 -0.454277605     -0.588729918     k_33_45_29                                                                         9.21882838E-06   9.07753292E-06   1.01619889E-05   7.84556505E-07   1.34783168E-05   1.14748218E-05   1.47494356E-05   1.09069924E-06
   99.0000000       0.00000000      0.899999976       10.5419998       38.9137573       6.50000000      0.378443420       15.7410717       4.62477965E-06   3.54388953E-06  0.766282916      -2.13779958E-06  -2.11533802E-06   3.55587895E-06   6.76257832E-06   3.55587963E-06   2.48623815E-06   5.65922664E-06   2.48620290E-06 -0.462248951     -0.596897304     k_33_45_30                                                                         8.35751052E-06   6.91841251E-06   7.96413769E-06   5.92174501E-07   1.19455299E-05   8.75798287E-06   1.15337743E-05   8.19609795E-07
   99.0000000       0.00000000      0.930000007       10.5419998       54.9688301       6.50000000      0.352789938       17.0736866       1.53342739E-06   1.19323124E-06  0.778146565      -7.08817993E-07  -7.17973819E-07   1.17901857E-06   2.24224550E-06   1.17901857E-06   8.34241803E-07   1.91120512E-06   8.34246691E-07 -0.462244242     -0.601705492     k_33_45_31                                                                         7.61360207E-06   5.32144531E-06   6.28195858E-06   4.47553248E-07   1.06558136E-05   6.70978989E-06   9.01383009E-06   6.10543566E-07
