 #! thr0[f,0]/ phr0[f,1]/ pr[f,2]/ ei[f,3]/ th_e[f,4]/ q2[f,5]/ x[f,6]/ plab[f,7]/ crs0[f,8]/ crs12[f,9]/  ratio[f,10]/ crs_ten0[f,11]/ crs_ten12[f,12]/  crs_pol0_-1[f,13]/ crs_pol0_0[f,14]/ crs_pol0_1[f,15]/ crs_pol12_-1[f,16]/ crs_pol12_0[f,17]/ crs_pol12_1[f,18]/ asym0[f,19]/ asym12[f,20]/ ID[s,21]/ w_l[f,22]/ w_t[f,23]/ w_lt[f,24]/ w_tt[f,25]/ w_l_pwia[f,26]/ w_t_pwia[f,27]/ w_lt_pwia[f,28]/ w_tt_pwia[f,29]/ 
   96.0000000       0.00000000       0.00000000       10.5419998       13.9079418       4.90000010      0.998653352       3.42586899       1568.48059       1533.66797      0.977804899      -1.15968483E-02  -5.71751785       1568.47473       1568.49207       1568.47473       1530.80957       1539.38562       1530.80957      -7.39368306E-06  -3.72800231E-03 k_32_29_0                                                                          10.6723080       96.9476089       7.18468160E-04  -2.28881836E-05   10.9208755       99.1441650       8.67361738E-19   0.00000000    
   96.0000000       0.00000000       2.99999993E-02   10.5419998       13.9201326       4.90000010      0.993406653       3.45448279       768.797668       744.670593      0.968617141       11.4548187       7.27408648       774.525024       757.342834       774.524963       748.307678       737.396606       748.307678       1.48996534E-02   9.76819359E-03 k_32_29_1                                                                          5.06054926       45.6611328       1.61616731       1.08623505E-02   5.23182917       47.1646576       1.64442551       1.08928680E-02
   96.0000000       0.00000000       5.99999987E-02   10.5419998       13.9365273       4.90000010      0.986457586       3.49282408       201.946060       190.346603      0.942561626       11.9952593       9.71769524       207.943695       189.950806       207.943710       195.205414       180.628906       195.205444       5.93983345E-02   5.10526337E-02 k_32_29_2                                                                          1.27117336       11.3508863      0.817489266       1.08718872E-02   1.35321140       12.0668650      0.844785988       1.11513138E-02
   96.0000000       0.00000000       9.00000036E-02   10.5419998       13.9573059       4.90000010      0.977823496       3.54118037       57.2003975       51.5740776      0.901638448       7.59152365       6.28341961       60.9961624       49.6088715       60.9961586       54.7157898       45.2906609       54.7157898      0.132718027      0.121832900     k_32_29_3                                                                         0.340653032       2.99640751      0.332027942       6.63030148E-03  0.380250901       3.34081745      0.352558821       6.94715977E-03
   96.0000000       0.00000000      0.119999997       10.5419998       13.9826021       4.90000010      0.967563868       3.59970522       19.1129627       16.2329903      0.849318385       4.45290661       3.64746833       21.3394222       14.6600609       21.3394222       18.0567207       12.5855198       18.0567303      0.232978359      0.224694788     k_32_29_4                                                                         0.106596023      0.920317650      0.140226811       3.73998284E-03  0.127013490       1.09497452      0.154975772       4.04864550E-03
   96.0000000       0.00000000      0.150000006       10.5419998       14.0125904       4.90000010      0.955746770       3.66859436       7.31269550       5.85412979      0.800543368       2.60634565       2.10054493       8.61586857       4.70635033       8.61586857       6.90440035       3.75358486       6.90440416      0.356413811      0.358814210     k_32_29_5                                                                          3.86875756E-02  0.324808598       6.34165853E-02   2.11012363E-03   4.89600673E-02  0.412375271       7.34521225E-02   2.38284469E-03
   96.0000000       0.00000000      0.180000007       10.5419998       14.0475273       4.90000010      0.942429364       3.74820256       3.10364962       2.35022378      0.757245183       1.54084349       1.21614146       3.87407088       1.56280601       3.87407088       2.95829296       1.13408244       2.95829606      0.496461809      0.517457724     k_32_29_6                                                                          1.57760866E-02  0.128371939       3.03859729E-02   1.20624900E-03   2.11045053E-02  0.172883689       3.72371338E-02   1.43853575E-03
   96.0000000       0.00000000      0.209999993       10.5419998       14.0876856       4.90000010      0.927690148       3.83885193       1.43099058       1.06723320      0.745800316      0.919547677      0.715998948       1.89076447      0.511443079       1.89076436       1.42523229      0.351234198       1.42523277      0.642595172      0.670892656     k_32_29_7                                                                          7.45935738E-03   5.80938682E-02   1.56012643E-02   7.10429624E-04   9.96548310E-03   7.90166557E-02   2.00257227E-02   8.94736499E-04
   96.0000000       0.00000000      0.239999995       10.5419998       14.1333752       4.90000010      0.911616504       3.94090509      0.708092391      0.526228905      0.743164182      0.552148163      0.420381546      0.984166324      0.155944183      0.984166324      0.736418903      0.105847254      0.736420453      0.779768527      0.798856795     k_32_29_8                                                                          3.86291812E-03   2.88700685E-02   8.43477994E-03   4.30312939E-04   5.09417104E-03   3.88974473E-02   1.13719255E-02   5.74985519E-04
   96.0000000       0.00000000      0.270000011       10.5419998       14.1849766       4.90000010      0.894296408       4.05481195      0.373529762      0.291174471      0.779521465      0.332304507      0.250116259      0.539682031       4.12252508E-02  0.539682031      0.416231722       4.10581455E-02  0.416233301      0.889633298      0.858991027     k_32_29_9                                                                          2.27151136E-03   1.63321570E-02   4.95384401E-03   2.75862403E-04   2.80122086E-03   2.04871707E-02   6.80650817E-03   3.82919796E-04
   96.0000000       0.00000000      0.300000012       10.5419998       14.2429266       4.90000010      0.875824392       4.18107033      0.209182978      0.169969946      0.812541962      0.199699864      0.144985318      0.309032887       9.48311202E-03  0.309032887      0.242462367       2.49846168E-02  0.242462814      0.954665959      0.853005588     k_32_29_10                                                                         1.40048261E-03   9.79850534E-03   3.07026063E-03   1.83776952E-04   1.65068463E-03   1.14980135E-02   4.29037027E-03   2.64906790E-04
   96.0000000       0.00000000      0.330000013       10.5419998       14.3077440       4.90000010      0.856295288       4.32026529      0.123821624      0.107995503      0.872186124      0.119337983       8.48286375E-02  0.183490604       4.48362157E-03  0.183490589      0.150409758       2.31668763E-02  0.150409907      0.963789523      0.785483062     k_32_29_11                                                                         9.50232381E-04   6.41529355E-03   2.07929127E-03   1.31707173E-04   1.03821594E-03   6.84697414E-03   2.84246425E-03   1.90442894E-04
   96.0000000       0.00000000      0.360000014       10.5419998       14.3800344       4.90000010      0.835806251       4.47306299       7.70161897E-02   6.99550062E-02  0.908315599       7.05997944E-02   4.74553369E-02  0.112316102       6.41641254E-03  0.112316087       9.36826840E-02   2.24996600E-02   9.36826766E-02  0.916687727      0.678369403     k_32_29_12                                                                         6.52949384E-04   4.26472072E-03   1.47141668E-03   9.94054135E-05   6.93139271E-04   4.30153217E-03   1.97132491E-03   1.41929369E-04
   96.0000000       0.00000000      0.389999986       10.5419998       14.4605236       4.90000010      0.814450979       4.64025068       4.99557406E-02   4.71113697E-02  0.943062186       4.11276557E-02   2.61162762E-02   7.05195665E-02   8.82807653E-03   7.05195665E-02   6.01694211E-02   2.09950954E-02   6.01696074E-02  0.823281884      0.554351866     k_32_29_13                                                                         4.58892144E-04   2.94881850E-03   1.09812396E-03   7.88755715E-05   4.87655198E-04   2.82999570E-03   1.42234250E-03   1.09112356E-04
   96.0000000       0.00000000      0.419999987       10.5419998       14.5500393       4.90000010      0.792329848       4.82266665       3.34904082E-02   3.15258428E-02  0.941339433       2.34195031E-02   1.30592324E-02   4.52001542E-02   1.00709014E-02   4.52001542E-02   3.80553789E-02   1.84666105E-02   3.80555354E-02  0.699289858      0.414238960     k_32_29_14                                                                         3.22004635E-04   2.02061050E-03   8.26020492E-04   6.40983926E-05   3.58433987E-04   1.93285546E-03   1.05935428E-03   8.59381980E-05
   96.0000000       0.00000000      0.449999988       10.5419998       14.6496029       4.90000010      0.769531071       5.02135849       2.30097231E-02   2.17368491E-02  0.944681048       1.28980577E-02   5.80361299E-03   2.94587463E-02   1.01116654E-02   2.94587500E-02   2.46385913E-02   1.59332324E-02   2.46387143E-02  0.560548127      0.266994208     k_32_29_15                                                                         2.32947874E-04   1.43723295E-03   6.35805540E-04   5.34298597E-05   2.72994366E-04   1.35931128E-03   8.08387646E-04   6.88754953E-05
   96.0000000       0.00000000      0.479999989       10.5419998       14.7603989       4.90000010      0.746148229       5.23745441       1.60757471E-02   1.49987461E-02  0.933004618       6.74930401E-03   1.64769730E-03   1.94503982E-02   9.32644214E-03   1.94503963E-02   1.58225391E-02   1.33510483E-02   1.58226471E-02  0.419843882      0.109855667     k_32_29_16                                                                         1.71757376E-04   1.01789890E-03   4.99406015E-04   4.39339492E-05   2.13826803E-04   9.77020711E-04   6.27652218E-04   5.58125321E-05
   96.0000000       0.00000000      0.509999990       10.5419998       14.8838596       4.90000010      0.722267985       5.47227430       1.13480361E-02   1.04618110E-02  0.921904981       3.23940162E-03  -1.61647258E-04   1.29677365E-02   8.10863543E-03   1.29677383E-02   1.03809573E-02   1.06234569E-02   1.03810178E-02  0.285459220      -1.54511733E-02 k_32_29_17                                                                         1.31365567E-04   7.31360167E-04   3.96187563E-04   3.63278086E-05   1.71176827E-04   7.13429472E-04   4.93056083E-04   4.54907422E-05
   96.0000000       0.00000000      0.540000021       10.5419998       15.0217361       4.90000010      0.697969198       5.72737503       8.05218797E-03   7.33436318E-03  0.910853446       1.30446418E-03  -7.81266601E-04   8.70441925E-03   6.74772263E-03   8.70441925E-03   6.94370316E-03   8.11562967E-03   6.94375578E-03  0.162001207     -0.106521398     k_32_29_18                                                                         1.02246246E-04   5.33890910E-04   3.13094788E-04   2.97860825E-05   1.39362528E-04   5.26776828E-04   3.90148605E-04   3.71410279E-05
   96.0000000       0.00000000      0.569999993       10.5419998       15.1761208       4.90000010      0.673333824       6.00447130       5.71894925E-03   5.12507185E-03  0.896156192       2.94180994E-04  -9.40023747E-04   5.86604001E-03   5.42476913E-03   5.86604001E-03   4.65505756E-03   6.06509624E-03   4.65506176E-03   5.14396913E-02 -0.183416694     k_32_29_19                                                                         8.07351680E-05   3.91023204E-04   2.46775890E-04   2.42124079E-05   1.14925053E-04   3.91861744E-04   3.09882249E-04   3.02762783E-05
   96.0000000       0.00000000      0.600000024       10.5419998       15.3496208       4.90000010      0.648432672       6.30560923       4.05561784E-03   3.55820148E-03  0.877351284      -1.87238635E-04  -8.96687212E-04   3.96199990E-03   4.24285745E-03   3.96199990E-03   3.10986070E-03   4.45488887E-03   3.10985534E-03  -4.61677201E-02 -0.252005756     k_32_29_20                                                                         6.48732312E-05   2.86157156E-04   1.93824948E-04   1.95501780E-05   9.57822776E-05   2.93146411E-04   2.46634125E-04   2.46035634E-05
   96.0000000       0.00000000      0.629999995       10.5419998       15.5454731       4.90000010      0.623332620       6.63314676       2.86215497E-03   2.45034625E-03  0.856119335      -3.75747390E-04  -7.70106155E-04   2.67428136E-03   3.23790219E-03   2.67428160E-03   2.06528977E-03   3.22045223E-03   2.06529652E-03 -0.131281286     -0.314284623     k_32_29_21                                                                         5.28364253E-05   2.09223930E-04   1.51453889E-04   1.56301976E-05   8.04351293E-05   2.19973153E-04   1.96201960E-04   1.98831476E-05
   96.0000000       0.00000000      0.660000026       10.5419998       15.7677174       4.90000010      0.598099113       6.98977709       2.00772658E-03   1.67476747E-03  0.834161103      -4.11164976E-04  -6.20628067E-04   1.80214457E-03   2.41889199E-03   1.80214422E-03   1.36442785E-03   2.29539536E-03   1.36447873E-03 -0.204791322     -0.370575666     k_32_29_22                                                                         4.36866358E-05   1.53027038E-04   1.17968775E-04   1.23647405E-05   6.80055527E-05   1.65518926E-04   1.55955669E-04   1.59750853E-05
   96.0000000       0.00000000      0.689999998       10.5419998       16.0215416       4.90000010      0.572788239       7.37870026       1.39632355E-03   1.13666570E-03  0.814041793      -3.74317722E-04  -4.79424023E-04   1.20916462E-03   1.77064119E-03   1.20916462E-03   8.96950543E-04   1.61608960E-03   8.96956713E-04 -0.268073767     -0.421781033     k_32_29_23                                                                         3.66547902E-05   1.12107431E-04   9.17501675E-05   9.72469934E-06   5.77716091E-05   1.24700033E-04   1.23672289E-04   1.27407366E-05
   96.0000000       0.00000000      0.720000029       10.5419998       16.3136406       4.90000010      0.547453821       7.80362654       9.61712853E-04   7.65271892E-04  0.795738459      -3.09665484E-04  -3.57832905E-04   8.06880184E-04   1.27137837E-03   8.06880067E-04   5.86356269E-04   1.12310471E-03   5.86354523E-04 -0.321993709     -0.467589229     k_32_29_24                                                                         3.11382646E-05   8.23361624E-05   7.12255860E-05   7.57589805E-06   4.92928084E-05   9.40728496E-05   9.78408498E-05   1.00860198E-05
   96.0000000       0.00000000      0.750000000       10.5419998       16.6528645       4.90000010      0.522144079       8.26893520       6.54513831E-04   5.10080950E-04  0.779327989      -2.40576715E-04  -2.59587890E-04   5.34225488E-04   8.95090576E-04   5.34225488E-04   3.80286016E-04   7.69668841E-04   3.80288024E-04 -0.367565513     -0.508915067     k_32_29_25                                                                         2.67259711E-05   6.05504829E-05   5.51942830E-05   5.86286660E-06   4.21916884E-05   7.10090098E-05   7.71569321E-05   7.91783532E-06
   96.0000000       0.00000000      0.779999971       10.5419998       17.0511570       4.90000010      0.496901631       8.77983475       4.39741823E-04   3.37089295E-04  0.766561806      -1.78107861E-04  -1.83635188E-04   3.50687915E-04   6.17849757E-04   3.50687915E-04   2.45270814E-04   5.20724454E-04   2.45272618E-04 -0.405028254     -0.544767201     k_32_29_26                                                                         2.31775739E-05   4.47811908E-05   4.27931045E-05   4.50402149E-06   3.62438041E-05   5.36758962E-05   6.06955218E-05   6.16745274E-06
   96.0000000       0.00000000      0.810000002       10.5419998       17.5250416       4.90000010      0.471765965       9.34251499       2.90635449E-04   2.19943031E-04  0.756766021      -1.26541301E-04  -1.26500847E-04   2.27364784E-04   4.17176750E-04   2.27364784E-04   1.56693714E-04   3.46443878E-04   1.56691502E-04 -0.435395271     -0.575152814     k_32_29_27                                                                         2.02296615E-05   3.32132695E-05   3.31563133E-05   3.44420914E-06   3.11946496E-05   4.05775354E-05   4.75605266E-05   4.75889647E-06
   96.0000000       0.00000000      0.839999974       10.5419998       18.0981121       4.90000010      0.446772069       9.96440506       1.88762788E-04   1.41626704E-04  0.750289321      -8.65199836E-05  -8.47478368E-05   1.45502796E-04   2.75282771E-04   1.45502796E-04   9.92526839E-05   2.26374526E-04   9.92528803E-05 -0.458352953     -0.598388851     k_32_29_28                                                                         1.77774546E-05   2.47836324E-05   2.57127886E-05   2.62020058E-06   2.69415996E-05   3.07324553E-05   3.71857786E-05   3.64267271E-06
   96.0000000       0.00000000      0.870000005       10.5419998       18.8053589       4.90000010      0.421950877       10.6545124       1.19993209E-04   8.95603880E-05  0.746378779      -5.69008553E-05  -5.48447861E-05   9.15427809E-05   1.76894071E-04   9.15427954E-05   6.21388972E-05   1.44405174E-04   6.21371146E-05 -0.474200636     -0.612377703     k_32_29_29                                                                         1.56893439E-05   1.85853678E-05   1.99409769E-05   1.97517238E-06   2.33379396E-05   2.33119426E-05   2.89997115E-05   2.76400260E-06
   96.0000000       0.00000000      0.899999976       10.5419998       19.7012062       4.90000010      0.397330523       11.4238100       7.42375487E-05   5.53241662E-05  0.745231569      -3.58212164E-05  -3.40638944E-05   5.63269423E-05   1.10058776E-04   5.63269459E-05   3.82920152E-05   8.93880497E-05   3.82924263E-05 -0.482521534     -0.615714550     k_32_29_30                                                                         1.39255017E-05   1.39814019E-05   1.54839272E-05   1.48814979E-06   2.02655301E-05   1.77010497E-05   2.25460826E-05   2.07702578E-06
   96.0000000       0.00000000      0.930000007       10.5419998       20.8757668       4.90000010      0.372934192       12.2858887       4.44332618E-05   3.32115014E-05  0.747446835      -2.14397769E-05  -2.03459349E-05   3.37133679E-05   6.58730351E-05   3.37133715E-05   2.30385886E-05   5.35574291E-05   2.30384776E-05 -0.482516378     -0.612617135     k_32_29_31                                                                         1.23839973E-05   1.06054049E-05   1.20285213E-05   1.11594591E-06   1.76683807E-05   1.34736492E-05   1.75014247E-05   1.54721874E-06
   96.0000000       0.00000000      0.959999979       10.5419998       22.4910450       4.90000010      0.348783225       13.2576656       2.54373826E-05   1.91615854E-05  0.753284454      -1.20366867E-05  -1.15998437E-05   1.94190397E-05   3.74740703E-05   1.94190397E-05   1.33616868E-05   3.07614282E-05   1.33616431E-05 -0.473188877     -0.605369747     k_32_29_32                                                                         1.10612209E-05   8.10228084E-06   9.38416451E-06   8.33250397E-07   1.54760637E-05   1.02845588E-05   1.35714472E-05   1.14233126E-06
   96.0000000       0.00000000      0.990000010       10.5419998       24.8751488       4.90000010      0.324895561       14.3605366       1.36804156E-05   1.04326336E-05  0.762596250      -6.20811625E-06  -6.13333896E-06   1.05763565E-05   1.98885318E-05   1.05763538E-05   7.36597440E-06   1.65659731E-05   7.36595302E-06 -0.453795880     -0.587899387     k_32_29_33                                                                         9.94447510E-06   6.25347957E-06   7.35334379E-06   6.19563252E-07   1.36602830E-05   7.89188925E-06   1.05424433E-05   8.37524567E-07
   96.0000000       0.00000000       1.01999998       10.5419998       28.8280468       4.90000010      0.301286757       15.6219254       6.62736466E-06   5.12403949E-06  0.773163974      -2.79873257E-06  -2.85985789E-06   5.22799883E-06   9.42609677E-06   5.22799792E-06   3.69408622E-06   7.98389738E-06   3.69413488E-06 -0.422299474     -0.558125675     k_32_29_34                                                                         9.01965541E-06   4.85333749E-06   5.78435993E-06   4.58332124E-07   1.21608391E-05   6.08850314E-06   8.20825062E-06   6.09432618E-07
   96.0000000       0.00000000       1.04999995       10.5419998       37.0971603       4.90000010      0.277970225       17.0775509       2.58504588E-06   2.03176342E-06  0.785968006      -9.75213766E-07  -1.04401386E-06   2.09743894E-06   3.56025976E-06   2.09743939E-06   1.50976507E-06   3.07577739E-06   1.50974756E-06 -0.377252012     -0.513846159     k_32_29_35                                                                         8.27703207E-06   3.80172241E-06   4.58846580E-06   3.38628183E-07   1.09610237E-05   4.73573391E-06   6.42753002E-06   4.41031716E-07
   96.0000000       0.00000000       1.08000004       10.5419998       76.9202118       4.90000010      0.254956186       18.7749062       4.11115622E-07   3.29545259E-07  0.801587760      -1.29227089E-07  -1.49829972E-07   3.46502134E-07   5.40342683E-07   3.46501963E-07   2.54628674E-07   4.79375331E-07   2.54631857E-07 -0.314332724     -0.454656750     k_32_29_36                                                                         7.63869411E-06   2.98443979E-06   3.64716743E-06   2.47976232E-07   9.96434483E-06   3.69412487E-06   5.03965111E-06   3.15459374E-07
