 #! thr0[f,0]/ phr0[f,1]/ pr[f,2]/ ei[f,3]/ th_e[f,4]/ q2[f,5]/ x[f,6]/ plab[f,7]/ crs0[f,8]/ crs12[f,9]/  ratio[f,10]/ crs_ten0[f,11]/ crs_ten12[f,12]/  crs_pol0_-1[f,13]/ crs_pol0_0[f,14]/ crs_pol0_1[f,15]/ crs_pol12_-1[f,16]/ crs_pol12_0[f,17]/ crs_pol12_1[f,18]/ asym0[f,19]/ asym12[f,20]/ ID[s,21]/ w_l[f,22]/ w_t[f,23]/ w_lt[f,24]/ w_tt[f,25]/ w_l_pwia[f,26]/ w_t_pwia[f,27]/ w_lt_pwia[f,28]/ w_tt_pwia[f,29]/ 
   99.0000000       0.00000000       0.00000000       10.5419998       9.41514111       2.59999990      0.998339176       2.12744999       28826.9355       28171.5566      0.977265060     -0.215076506      -114.678078       28826.8320       28827.1504       28826.8320       28114.2188       28286.2344       28114.2188      -7.46095611E-06  -4.07070434E-03 k_33_6_0                                                                           64.0054092       424.222076      -4.56562469E-04   3.05175781E-05   65.5299759       434.050598      -3.46944695E-18   0.00000000    
   99.0000000       0.00000000       2.99999993E-02   10.5419998       9.42151833       2.59999990      0.989524662       2.15443230       14223.5566       13771.5908      0.968224108       203.022690       120.587044       14325.0693       14020.5352       14325.0693       13831.8818       13651.0020       13831.8818       1.42736938E-02   8.75621755E-03 k_33_6_1                                                                           30.3721161       199.814758       7.55517483       6.86721802E-02   31.4208488       206.485626       7.68874073       6.95724487E-02
   99.0000000       0.00000000       5.99999987E-02   10.5419998       9.42971611       2.59999990      0.978448749       2.18894720       3759.35742       3543.13818      0.942485034       213.917679       170.123413       3866.31616       3545.43970       3866.31641       3628.20020       3373.01538       3628.20044       5.69027252E-02   4.80148979E-02 k_33_6_2                                                                           7.62477636       49.6786461       3.82403922       6.92977905E-02   8.12500763       52.8292084       3.95227671       7.12032318E-02
   99.0000000       0.00000000       9.00000036E-02   10.5419998       9.43979359       2.59999990      0.965203702       2.23114681       1071.02136       970.231873      0.905894041       136.171844       112.395836       1139.10718       934.849426       1139.10718       1026.42981       857.835999       1026.42993      0.127142042      0.115844302     k_33_6_3                                                                           2.04808497       13.1747847       1.55778265       4.24118042E-02   2.27997637       14.6266365       1.65030527       4.43601608E-02
   99.0000000       0.00000000      0.119999997       10.5419998       9.45180798       2.59999990      0.949928701       2.28112078       359.847137       309.512756      0.860122859       80.3142395       66.3109512       400.004211       279.532867       400.004211       342.668152       243.201813       342.668304      0.223189875      0.214243025     k_33_6_4                                                                          0.643213332       4.07948685      0.660921156       2.39126682E-02  0.759631336       4.79419470      0.725783527       2.58526802E-02
   99.0000000       0.00000000      0.150000006       10.5419998       9.46585464       2.59999990      0.932739913       2.33911443       138.403381       113.865982      0.822710991       47.2563782       38.9832535       162.031586       91.1470108       162.031540       133.357590       74.8827515       133.357651      0.341439486      0.342360854     k_33_6_5                                                                          0.235192001       1.46325314      0.301397890       1.35523081E-02  0.291706085       1.80569100      0.344151944       1.52148604E-02
   99.0000000       0.00000000      0.180000007       10.5419998       9.48202515       2.59999990      0.913795590       2.40531468       59.0400391       46.5957489      0.789222896       28.0796566       23.0079155       73.0798645       30.9603806       73.0798645       58.0996780       23.5878296       58.0997467      0.475603610      0.493777126     k_33_6_6                                                                           9.65306982E-02  0.587703168      0.145878553       7.77560472E-03  0.125104815      0.757123530      0.174551651       9.18531418E-03
   99.0000000       0.00000000      0.209999993       10.5419998       9.50044155       2.59999990      0.893248200       2.48000360       27.3568573       21.8973083      0.800432146       16.8408031       13.9665909       35.7772560       10.5160532       35.7772522       28.8805809       7.93071508       28.8806229      0.615597129      0.637822270     k_33_6_7                                                                           4.65399139E-02  0.275520444       7.65193105E-02   4.64972854E-03   5.86970448E-02  0.346120834       9.39185768E-02   5.71304560E-03
   99.0000000       0.00000000      0.239999995       10.5419998       9.52122974       2.59999990      0.871269941       2.56345916       13.6035366       11.0310764      0.810897708       10.1619434       8.42499828       18.6845074       3.44159079       18.6845074       15.2435608       2.60607886       15.2435894      0.747007489      0.763751209     k_33_6_8                                                                           2.42009517E-02  0.139826834       4.21648435E-02   2.84314901E-03   2.97729373E-02  0.170439631       5.33627681E-02   3.67138535E-03
   99.0000000       0.00000000      0.270000011       10.5419998       9.54454803       2.59999990      0.848027229       2.65604687       7.21145344       6.11258745      0.847622097       6.14600754       5.09960413       10.2844582       1.06544530       10.2844572       8.66237259       1.01298344       8.66240597      0.852256417      0.834279120     k_33_6_9                                                                           1.40019823E-02   7.88363963E-02   2.51133833E-02   1.83461234E-03   1.62232965E-02   8.98109674E-02   3.19603235E-02   2.44501978E-03
   99.0000000       0.00000000      0.300000012       10.5419998       9.57057667       2.59999990      0.823688090       2.75818801       4.05872583       3.57944584      0.881913662       3.71193528       3.05275726       5.91469431      0.346790284       5.91469336       5.10581589      0.526688874       5.10583353      0.914556801      0.852857530     k_33_6_10                                                                          8.62632692E-03   4.71767858E-02   1.57753695E-02   1.24149211E-03   9.46093164E-03   5.04362173E-02   2.01615635E-02   1.69149041E-03
   99.0000000       0.00000000      0.330000013       10.5419998       9.59952545       2.59999990      0.798420548       2.87036109       2.41479993       2.24302125      0.928864241       2.22957826       1.82674348       3.52958894      0.185221687       3.52958894       3.15638232      0.416277945       3.15640306      0.923297286      0.814411998     k_33_6_11                                                                          5.69422776E-03   3.02656293E-02   1.06695686E-02   8.99861567E-04   5.88179799E-03   3.00594419E-02   1.33703947E-02   1.21601578E-03
   99.0000000       0.00000000      0.360000014       10.5419998       9.63164234       2.59999990      0.772384524       2.99313879       1.50996888       1.39760983      0.925588489       1.32601559       1.03640544       2.17297673      0.183953330       2.17297649       1.91580713      0.361204207       1.91581762      0.878174126      0.741555631     k_33_6_12                                                                          3.70282563E-03   1.91108286E-02   7.40507757E-03   6.73850067E-04   3.87736154E-03   1.89049840E-02   9.28374194E-03   9.06248577E-04
   99.0000000       0.00000000      0.389999986       10.5419998       9.66721249       2.59999990      0.745732784       3.12718463      0.984753013      0.916499615      0.930689812      0.776683629      0.586255908       1.37309480      0.208069384       1.37309480       1.20962250      0.330243766       1.20963252      0.788709044      0.639668465     k_33_6_13                                                                          2.54690344E-03   1.27498442E-02   5.40153868E-03   5.24973497E-04   2.69093341E-03   1.24533009E-02   6.70728693E-03   6.96615316E-04
   99.0000000       0.00000000      0.419999987       10.5419998       9.70657349       2.59999990      0.718612373       3.27325416      0.664145887      0.618794739      0.931715071      0.444918126      0.320342600      0.886604965      0.219227836      0.886604965      0.778963685      0.298452049      0.778968215      0.669910252      0.517687976     k_33_6_14                                                                          1.80943636E-03   8.75429064E-03   4.08442086E-03   4.23579477E-04   1.95047806E-03   8.52132030E-03   5.00509795E-03   5.48731536E-04
   99.0000000       0.00000000      0.449999988       10.5419998       9.75012112       2.59999990      0.691155732       3.43224955      0.459163725      0.425471127      0.926621795      0.246569812      0.169491410      0.582448542      0.212593928      0.582448542      0.510215819      0.255979687      0.510217845      0.536997557      0.398361713     k_33_6_15                                                                          1.31525425E-03   6.14170916E-03   3.14638321E-03   3.48627102E-04   1.46445760E-03   6.00558612E-03   3.82759841E-03   4.39784722E-04
   99.0000000       0.00000000      0.479999989       10.5419998       9.79832935       2.59999990      0.663487136       3.60520244      0.322954357      0.294128954      0.910744667      0.129893780       8.09484720E-02  0.387901306      0.193060592      0.387901217      0.334602922      0.213180497      0.334603518      0.402204752      0.275214225     k_33_6_16                                                                          9.69143119E-04   4.34840284E-03   2.43656221E-03   2.89172865E-04   1.13096612E-03   4.32786206E-03   2.97954865E-03   3.56374774E-04
   99.0000000       0.00000000      0.509999990       10.5419998       9.85174942       2.59999990      0.635720432       3.79330778      0.229635820      0.206235543      0.898098290       6.27975985E-02   3.07070762E-02  0.261034608      0.166838214      0.261034638      0.221588403      0.175528467      0.221589729      0.273466051      0.148893237     k_33_6_17                                                                          7.14246184E-04   3.17091891E-03   1.89917919E-03   2.37371074E-04   8.93203716E-04   3.17016779E-03   2.34782067E-03   2.90467637E-04
   99.0000000       0.00000000      0.540000021       10.5419998       9.91105366       2.59999990      0.607955933       3.99796605      0.164235041      0.145002812      0.882898152       2.54884586E-02   4.09832597E-03  0.176979259      0.138746589      0.176979274      0.147051871      0.140904486      0.147052065      0.155195013       2.82637682E-02 k_33_6_18                                                                          5.43199771E-04   2.32038647E-03   1.49134267E-03   1.93824060E-04   7.18150928E-04   2.34951451E-03   1.86456612E-03   2.37153261E-04
   99.0000000       0.00000000      0.569999993       10.5419998       9.97704220       2.59999990      0.580285549       4.22079468      0.117694765      0.101944759      0.866179228       5.79174142E-03  -7.79969990E-03  0.120590642      0.111903042      0.120590679       9.80447680E-02  0.109744467       9.80450660E-02   4.92098480E-02  -7.65090808E-02 k_33_6_19                                                                          4.23286809E-04   1.70475058E-03   1.17519149E-03   1.56042923E-04   5.85877395E-04   1.75597426E-03   1.48771552E-03   1.93376502E-04
   99.0000000       0.00000000      0.600000024       10.5419998       10.0506916       2.59999990      0.552788138       4.46369743       8.42420459E-02   7.12846890E-02  0.846188962      -3.72585515E-03  -1.11065432E-02   8.23791251E-02   8.79679024E-02   8.23791251E-02   6.57311603E-02   8.23912248E-02   6.57316521E-02  -4.42279764E-02 -0.155805454     k_33_6_20                                                                          3.37135629E-04   1.24938157E-03   9.25011002E-04   1.25238730E-04   4.83683252E-04   1.31999119E-03   1.18960580E-03   1.57098693E-04
   99.0000000       0.00000000      0.629999995       10.5419998       10.1331978       2.59999990      0.525533020       4.72890663       6.00747690E-02   4.97061200E-02  0.827404261      -7.55250454E-03  -1.12249320E-02   5.62985130E-02   6.76272735E-02   5.62985130E-02   4.40936163E-02   6.09310567E-02   4.40936871E-02 -0.125718415     -0.225825951     k_33_6_21                                                                          2.73630605E-04   9.19388840E-04   7.27973122E-04   9.99116746E-05   4.03283368E-04   9.96174524E-04   9.51579423E-04   1.26930070E-04
   99.0000000       0.00000000      0.660000026       10.5419998       10.2260351       2.59999990      0.498580873       5.01903629       4.26519141E-02   3.43934186E-02  0.806374550      -8.36885069E-03  -9.56424698E-03   3.84674855E-02   5.10207638E-02   3.84674855E-02   2.96111424E-02   4.39576693E-02   2.96114571E-02 -0.196212783     -0.278083652     k_33_6_22                                                                          2.26843855E-04   6.74017705E-04   5.72258199E-04   7.89726328E-05   3.39526188E-04   7.54793698E-04   7.61489384E-04   1.01995654E-04
   99.0000000       0.00000000      0.689999998       10.5419998       10.3310518       2.59999990      0.471982360       5.33719540       3.00674010E-02   2.39004418E-02  0.794895530      -7.72163318E-03  -7.84600526E-03   2.62065809E-02   3.77890319E-02   2.62065828E-02   1.99774876E-02   3.17464434E-02   1.99773870E-02 -0.256810784     -0.328278661     k_33_6_23                                                                          1.92037711E-04   5.00880880E-04   4.53641900E-04   6.27047993E-05   2.88022449E-04   5.73125551E-04   6.08482631E-04   8.13521619E-05
   99.0000000       0.00000000      0.720000029       10.5419998       10.4505873       2.59999990      0.445780277       5.68707895       2.10277382E-02   1.65221803E-02  0.785732627      -6.48633391E-03  -6.39830623E-03   1.77845713E-02   2.75140740E-02   1.77845713E-02   1.33230304E-02   2.29204874E-02   1.33230276E-02 -0.308465600     -0.387255549     k_33_6_24                                                                          1.63151562E-04   3.75609088E-04   3.58577818E-04   4.94769338E-05   2.46140873E-04   4.36168804E-04   4.85550700E-04   6.44014799E-05
   99.0000000       0.00000000      0.750000000       10.5419998       10.5876484       2.59999990      0.420010865       6.07310295       1.45623330E-02   1.13535505E-02  0.779651880      -5.12706488E-03  -4.93024709E-03   1.19988006E-02   1.96893979E-02   1.19988006E-02   8.88839271E-03   1.62837990E-02   8.88846349E-03 -0.352077156     -0.434247166     k_33_6_25                                                                          1.41455457E-04   2.82582361E-04   2.84172129E-04   3.85468738E-05   2.11686958E-04   3.32457537E-04   3.86632542E-04   5.05523058E-05
   99.0000000       0.00000000      0.779999971       10.5419998       10.7461672       2.59999990      0.394702822       6.50060892       9.98505950E-03   7.74013903E-03  0.775172055      -3.87431774E-03  -3.66040342E-03   8.04790016E-03   1.38593782E-02   8.04790203E-03   5.90996351E-03   1.14005422E-02   5.90991089E-03 -0.388011485     -0.472911835     k_33_6_26                                                                          1.24250975E-04   2.13261723E-04   2.25314492E-04   3.00362663E-05   1.83373573E-04   2.54103739E-04   3.07570270E-04   3.93803348E-05
   99.0000000       0.00000000      0.810000002       10.5419998       10.9313927       2.59999990      0.369879216       6.97609329       6.75766962E-03   5.23469504E-03  0.774630189      -2.81864102E-03  -2.63459515E-03   5.34834946E-03   9.57631133E-03   5.34834946E-03   3.91738722E-03   7.86929019E-03   3.91740771E-03 -0.417102516     -0.503294885     k_33_6_27                                                                          1.10385779E-04   1.62000535E-04   1.78950329E-04   2.32274833E-05   1.59709351E-04   1.94451510E-04   2.44066017E-04   3.03865891E-05
   99.0000000       0.00000000      0.839999974       10.5419998       11.1504917       2.59999990      0.345557332       7.50754452       4.51397663E-03   3.50725930E-03  0.776977718      -1.98206748E-03  -1.84420764E-03   3.52294231E-03   6.49604388E-03   3.52294254E-03   2.58516474E-03   5.35146752E-03   2.58514704E-03 -0.439095646     -0.525825858     k_33_6_28                                                                          9.90958943E-05   1.23889185E-04   1.42532488E-04   1.78630653E-05   1.40096992E-04   1.49267784E-04   1.93571497E-04   2.32591701E-05
   99.0000000       0.00000000      0.870000005       10.5419998       11.4135113       2.59999990      0.321750492       8.10486507       2.96815764E-03   2.32437067E-03  0.783102155      -1.34836766E-03  -1.26096164E-03   2.29397416E-03   4.31652553E-03   2.29397416E-03   1.69388670E-03   3.58533254E-03   1.69389287E-03 -0.454277635     -0.542495906     k_33_6_29                                                                          8.96033816E-05   9.55283249E-05   1.13897273E-04   1.37376119E-05   1.23741251E-04   1.14914619E-04   1.53428002E-04   1.76487592E-05
   99.0000000       0.00000000      0.899999976       10.5419998       11.7350368       2.59999990      0.298468083       8.78049278       1.91432389E-03   1.51590223E-03  0.791873455      -8.84894049E-04  -8.37317202E-04   1.47187675E-03   2.79921782E-03   1.47187687E-03   1.09723920E-03   2.35321955E-03   1.09724817E-03 -0.462248862     -0.552355707     k_33_6_30                                                                          8.15670937E-05   7.41561889E-05   9.11842726E-05   1.04560459E-05   1.10012596E-04   8.86826383E-05   1.21505822E-04   1.32622445E-05
   99.0000000       0.00000000      0.930000007       10.5419998       12.1371174       2.59999990      0.275714844       9.55029297       1.20774750E-03   9.67527740E-04  0.801101029      -5.58274332E-04  -5.37262298E-04   9.28610272E-04   1.76602183E-03   9.28610505E-04   6.98898279E-04   1.50478992E-03   6.98894728E-04 -0.462244242     -0.555293977     k_33_6_31                                                                          7.48660968E-05   5.77723513E-05   7.31327018E-05   7.91297134E-06   9.86373998E-05   6.87118518E-05   9.63277998E-05   9.87932981E-06
   99.0000000       0.00000000      0.959999979       10.5419998       12.6548357       2.59999990      0.253493607       10.4347496       7.41256925E-04   6.01845328E-04  0.811925411      -3.36018013E-04  -3.28785944E-04   5.73247962E-04   1.07727502E-03   5.73247962E-04   4.37455077E-04   9.30631242E-04   4.37449606E-04 -0.453308433     -0.546296418     k_33_6_32                                                                          6.92791000E-05   4.53126086E-05   5.88742478E-05   5.94189987E-06   8.92872777E-05   5.34762366E-05   7.65248478E-05   7.29400563E-06
   99.0000000       0.00000000      0.990000010       10.5419998       13.3479471       2.59999990      0.231804147       11.4608259       4.39936033E-04   3.62075371E-04  0.823018193      -1.91331070E-04  -1.92494655E-04   3.44270491E-04   6.31267205E-04   3.44270491E-04   2.65828770E-04   5.54570055E-04   2.65827432E-04 -0.434906572     -0.531642497     k_33_6_33                                                                          6.48691712E-05   3.58113539E-05   4.76768146E-05   4.43541830E-06   8.19251654E-05   4.19309690E-05   6.11473661E-05   5.34946594E-06
   99.0000000       0.00000000       1.01999998       10.5419998       14.3280535       2.59999990      0.210643873       12.6647253       2.48677301E-04   2.07394376E-04  0.833989978      -1.00604135E-04  -1.05089646E-04   1.98375245E-04   3.49281443E-04   1.98375259E-04   1.54850757E-04   3.12484015E-04   1.54848371E-04 -0.404556960     -0.506714046     k_33_6_34                                                                          6.14440287E-05   2.84910602E-05   3.88218832E-05   3.29045997E-06   7.62554482E-05   3.31050942E-05   4.91644787E-05   3.89134493E-06
   99.0000000       0.00000000       1.04999995       10.5419998       15.8335600       2.59999990      0.190008909       14.0961742       1.30926899E-04   1.10435627E-04  0.843490720      -4.73172622E-05  -5.18511224E-05   1.07268257E-04   1.78244154E-04   1.07268286E-04   8.45098330E-05   1.62286742E-04   8.45103277E-05 -0.361402154     -0.469514459     k_33_6_35                                                                          5.92538490E-05   2.28621539E-05   3.19468709E-05   2.42221267E-06   7.24459387E-05   2.64269620E-05   3.99962191E-05   2.81609573E-06
   99.0000000       0.00000000       1.08000004       10.5419998       18.4982471       2.59999990      0.169892818       15.8254957       6.03074550E-05   5.13971645E-05  0.852252245      -1.81601827E-05  -2.15240289E-05   5.12273618E-05   7.84676304E-05   5.12273618E-05   4.06348991E-05   7.29211970E-05   4.06354047E-05 -0.301126659     -0.418778539     k_33_6_36                                                                          5.79761399E-05   1.84227938E-05   2.65121998E-05   1.77650963E-06   7.00853197E-05   2.12227151E-05   3.28150709E-05   2.01428520E-06
   99.0000000       0.00000000       1.11000001       10.5419998       24.9346046       2.59999990      0.150288925       17.9552937       2.05758715E-05   1.77261882E-05  0.861503661      -4.64454342E-06  -6.30897603E-06   1.82535987E-05   2.52204136E-05   1.82535987E-05   1.45718077E-05   2.40351637E-05   1.45715894E-05 -0.225727662     -0.355912745     k_33_6_37                                                                          5.87131181E-05   1.51413715E-05   2.25658005E-05   1.30777835E-06   7.02518737E-05   1.73816461E-05   2.75936654E-05   1.44082696E-06
