 #! thr0[f,0]/ phr0[f,1]/ pr[f,2]/ ei[f,3]/ th_e[f,4]/ q2[f,5]/ x[f,6]/ plab[f,7]/ crs0[f,8]/ crs12[f,9]/  ratio[f,10]/ crs_ten0[f,11]/ crs_ten12[f,12]/  crs_pol0_-1[f,13]/ crs_pol0_0[f,14]/ crs_pol0_1[f,15]/ crs_pol12_-1[f,16]/ crs_pol12_0[f,17]/ crs_pol12_1[f,18]/ asym0[f,19]/ asym12[f,20]/ ID[s,21]/ w_l[f,22]/ w_t[f,23]/ w_lt[f,24]/ w_tt[f,25]/ w_l_pwia[f,26]/ w_t_pwia[f,27]/ w_lt_pwia[f,28]/ w_tt_pwia[f,29]/ 
   99.0000000       0.00000000       0.00000000       10.5419998       19.6067505       7.80000019      0.998785555       5.01187801       138.915436       136.022888      0.979177654      -1.04846631E-03 -0.496595800       138.914902       138.916473       138.914902       135.774597       136.519485       135.774597      -7.54751500E-06  -3.65082524E-03 k_33_58_0                                                                          2.71342468       29.1870213       3.97451193E-04   3.24249268E-05   2.77195430       29.8076801      -2.22641510E-32   0.00000000    
   99.0000000       0.00000000       2.99999993E-02   10.5419998       19.6508446       7.80000019      0.992034316       5.06946468       67.0832825       65.1566467      0.971279919      0.957538664      0.608948648       67.5620499       66.1257477       67.5620575       65.4611359       64.5476837       65.4610901       1.42738791E-02   9.34591796E-03 k_33_58_1                                                                          1.29297400       13.7675362      0.468811363       2.31075287E-03   1.33259964       14.1800823      0.476378173       2.32601166E-03
   99.0000000       0.00000000       5.99999987E-02   10.5419998       19.7055397       7.80000019      0.983847082       5.14033222       17.3586674       16.3966923      0.944582462      0.987757444      0.798434019       17.8525467       16.3709106       17.8525448       16.7959099       15.5982590       16.7959099       5.69028370E-02   4.86948229E-02 k_33_58_2                                                                         0.326011986       3.42135334      0.237715349       2.32875347E-03  0.346079558       3.62795973      0.245146140       2.38168240E-03
   99.0000000       0.00000000       9.00000036E-02   10.5419998       19.7714462       7.80000019      0.974246979       5.22490454       4.84253788       4.39271355      0.907109797      0.615689874      0.510830343       5.15038300       4.22684908       5.15038395       4.64812803       3.88188267       4.64812851      0.127141982      0.116290383     k_33_58_3                                                                          8.81038606E-02  0.907624364       9.68584642E-02   1.41742826E-03   9.77038145E-02   1.00444329      0.102489151       1.48403645E-03
   99.0000000       0.00000000      0.119999997       10.5419998       19.8492241       7.80000019      0.963274956       5.32357550       1.59320009       1.36470485      0.856580973      0.355586201      0.291402996       1.77099288       1.23761368       1.77099288       1.51040637       1.07330179       1.51040626      0.223189920      0.213528216     k_33_58_4                                                                          2.79094502E-02  0.279758692       4.10807021E-02   8.00445676E-04   3.28101255E-02  0.329216182       4.51344624E-02   8.64908099E-04
   99.0000000       0.00000000      0.150000006       10.5419998       19.9397221       7.80000019      0.950970829       5.43686342      0.599948108      0.482998788      0.805067599      0.204846025      0.164793640      0.702371120      0.395102113      0.702371120      0.565395415      0.318205178      0.565395892      0.341439575      0.341188520     k_33_58_5                                                                          1.01807760E-02   9.85270590E-02   1.86325256E-02   4.51166183E-04   1.27237123E-02  0.123986647       2.14327835E-02   5.09034842E-04
   99.0000000       0.00000000      0.180000007       10.5419998       20.0439243       7.80000019      0.937384546       5.56532955      0.250487626      0.192141861      0.767071247      0.119132824       9.41881239E-02  0.310054034      0.131354839      0.310054034      0.239235833       9.79537368E-02  0.239236027      0.475603640      0.490200967     k_33_58_6                                                                          4.23295330E-03   3.92388031E-02   9.02140141E-03   2.57551670E-04   5.52192191E-03   5.19800708E-02   1.08870119E-02   3.07315961E-04
   99.0000000       0.00000000      0.209999993       10.5419998       20.1630325       7.80000019      0.922568202       5.70964336      0.113541730       8.36572647E-02  0.736797512       6.98959753E-02   5.40537275E-02  0.148489714       4.36457545E-02  0.148489714      0.110684037       2.96035409E-02  0.110684216      0.615597248      0.646133125     k_33_58_7                                                                          1.95102463E-03   1.72253549E-02   4.61255992E-03   1.52410008E-04   2.62726983E-03   2.37572119E-02   5.86686097E-03   1.91141851E-04
   99.0000000       0.00000000      0.239999995       10.5419998       20.2984238       7.80000019      0.906585157       5.87049627       5.51929697E-02   4.05193940E-02  0.734140515       4.12295610E-02   3.13155949E-02   7.58077428E-02   1.39634013E-02   7.58077502E-02   5.61771058E-02   9.20379069E-03   5.61772622E-02  0.747007489      0.772854447     k_33_58_8                                                                          1.02069939E-03   8.50788318E-03   2.52316846E-03   9.23867337E-05   1.35437911E-03   1.16945393E-02   3.33858351E-03   1.22835394E-04
   99.0000000       0.00000000      0.270000011       10.5419998       20.4517727       7.80000019      0.889499545       6.04871035       2.85758078E-02   2.13139225E-02  0.745872974       2.43539251E-02   1.81105603E-02   4.07527685E-02   4.22189059E-03   4.07527685E-02   3.03691905E-02   3.20336386E-03   3.03692073E-02  0.852256775      0.849705637     k_33_58_9                                                                          5.79647254E-04   4.61039506E-03   1.46857928E-03   5.77096362E-05   7.51718704E-04   6.15907367E-03   2.00255145E-03   8.18024855E-05
   99.0000000       0.00000000      0.300000012       10.5419998       20.6251450       7.80000019      0.871372759       6.24528217       1.56893507E-02   1.21005904E-02  0.771261394       1.43488068E-02   1.03620300E-02   2.28637569E-02   1.34054734E-03   2.28637569E-02   1.72815807E-02   1.73855724E-03   1.72816273E-02  0.914557099      0.856324315     k_33_58_10                                                                         3.56177305E-04   2.71837390E-03   9.12807067E-04   3.92375514E-05   4.47504630E-04   3.45631968E-03   1.26504514E-03   5.65926312E-05
   99.0000000       0.00000000      0.330000013       10.5419998       20.8209438       7.80000019      0.852276862       6.46125031       9.09335539E-03   7.20902579E-03  0.792779505       8.39586928E-03   5.67000173E-03   1.32912900E-02   6.97484822E-04   1.32912900E-02   1.00440197E-02   1.53902348E-03   1.00440336E-02  0.923297167      0.786514282     k_33_58_11                                                                         2.19339097E-04   1.70189107E-03   5.88364783E-04   2.78854277E-05   2.84592534E-04   2.05792603E-03   8.39989400E-04   4.06845938E-05
   99.0000000       0.00000000      0.360000014       10.5419998       21.0421600       7.80000019      0.832279563       6.69786453       5.52968821E-03   4.28416720E-03  0.774757445       4.85602953E-03   2.77911313E-03   7.95770437E-03   6.73659553E-04   7.95770437E-03   5.67370979E-03   1.50505395E-03   5.67373820E-03  0.878174186      0.648693919     k_33_58_12                                                                         1.46858554E-04   1.04416325E-03   4.03603510E-04   2.03634845E-05   1.92272608E-04   1.29262765E-03   5.83870162E-04   3.03202542E-05
   99.0000000       0.00000000      0.389999986       10.5419998       21.2924194       7.80000019      0.811452031       6.95651770       3.50003503E-03   2.86281179E-03  0.817938030       2.76050949E-03   1.43792725E-03   4.88028908E-03   7.39525654E-04   4.88029001E-03   3.58176907E-03   1.42488431E-03   3.58178094E-03  0.788709104      0.502277970     k_33_58_13                                                                         1.07351327E-04   7.31134962E-04   3.04586778E-04   1.62731740E-05   1.36976145E-04   8.50117183E-04   4.22178156E-04   2.33066094E-05
   99.0000000       0.00000000      0.419999987       10.5419998       21.5762234       7.80000019      0.789863586       7.23882103       2.28549144E-03   1.96949346E-03  0.861737430       1.53107394E-03   7.15928909E-04   3.05102835E-03   7.54417444E-04   3.05102859E-03   2.32745265E-03   1.25356449E-03   2.32746289E-03  0.669910133      0.363509148     k_33_58_14                                                                         7.95646120E-05   5.31275931E-04   2.36881897E-04   1.33956200E-05   1.02040940E-04   5.80529741E-04   3.15198413E-04   1.83589291E-05
   99.0000000       0.00000000      0.449999988       10.5419998       21.8991871       7.80000019      0.767583787       7.54660940       1.52552314E-03   1.35805749E-03  0.890224099       8.19202221E-04   3.19317274E-04   1.93512440E-03   7.06320861E-04   1.93512440E-03   1.51771400E-03   1.03874004E-03   1.51771843E-03  0.536997557      0.235127956     k_33_58_15                                                                         6.06575013E-05   3.89019377E-04   1.85622892E-04   1.10834371E-05   7.88013422E-05   4.08125547E-04   2.41077316E-04   1.47137907E-05
   99.0000000       0.00000000      0.479999989       10.5419998       22.2684460       7.80000019      0.744678319       7.88202524       1.03244162E-03   9.35508462E-04  0.906112671       4.15252958E-04   1.13915798E-04   1.24006812E-03   6.17188809E-04   1.24006812E-03   9.92465066E-04   8.21592635E-04   9.92467394E-04  0.402204782      0.121768862     k_33_58_16                                                                         4.66825732E-05   2.85979477E-04   1.46938211E-04   9.24759661E-06   6.26103065E-05   2.93232879E-04   1.87609287E-04   1.19232282E-05
   99.0000000       0.00000000      0.509999990       10.5419998       22.6931057       7.80000019      0.721214950       8.24747276       7.03545404E-04   6.39865117E-04  0.909486592       1.92395761E-04   1.36888193E-05   7.99743226E-04   5.11149585E-04   7.99743109E-04   6.46708359E-04   6.26176305E-04   6.46710629E-04  0.273466021       2.13932898E-02 k_33_58_17                                                                         3.65207416E-05   2.10127386E-04   1.16516421E-04   7.63571006E-06   5.08583980E-05   2.14029249E-04   1.47714978E-04   9.71816189E-06
   99.0000000       0.00000000      0.540000021       10.5419998       23.1851101       7.80000019      0.697256327       8.64577770       4.79905255E-04   4.33326466E-04  0.902941704       7.44789068E-05  -2.91976539E-05   5.17144741E-04   4.05426312E-04   5.17144683E-04   4.18726588E-04   4.62524098E-04   4.18728596E-04  0.155195028      -6.73802719E-02 k_33_58_18                                                                         2.90290100E-05   1.54178182E-04   9.21278333E-05   6.29278657E-06   4.20225879E-05   1.57961273E-04   1.17151510E-04   7.93441723E-06
   99.0000000       0.00000000      0.569999993       10.5419998       23.7603321       7.80000019      0.672863662       9.08019638       3.26101464E-04   2.90416298E-04  0.890570343       1.60474119E-05  -4.25700855E-05   3.34125129E-04   3.10054020E-04   3.34125129E-04   2.69130891E-04   3.32986383E-04   2.69131589E-04   4.92098741E-02 -0.146582976     k_33_58_19                                                                         2.34910149E-05   1.13084447E-04   7.27371153E-05   5.12548650E-06   3.51834933E-05   1.17484669E-04   9.32879557E-05   6.46979970E-06
   99.0000000       0.00000000      0.600000024       10.5419998       24.4404602       7.80000019      0.648094475       9.55453396       2.19748632E-04   1.92086547E-04  0.874119401      -9.71902773E-06  -4.20529941E-05   2.14889122E-04   2.29467638E-04   2.14889136E-04   1.71059743E-04   2.34139545E-04   1.71060368E-04  -4.42279316E-02 -0.218927324     k_33_58_20                                                                         1.92862790E-05   8.29099008E-05   5.71626988E-05   4.12845475E-06   2.97548868E-05   8.78240535E-05   7.43939381E-05   5.25604264E-06
   99.0000000       0.00000000      0.629999995       10.5419998       25.2559109       7.80000019      0.623003066       10.0732403       1.46228049E-04   1.25132079E-04  0.855732381      -1.83835509E-05  -3.57469871E-05   1.37036259E-04   1.64611585E-04   1.37036288E-04   1.07258667E-04   1.60879063E-04   1.07258493E-04 -0.125718370     -0.285674036     k_33_58_21                                                                         1.61135285E-05   6.07443690E-05   4.47872371E-05   3.28440001E-06   2.53568214E-05   6.58617064E-05   5.93023033E-05   4.24668906E-06
   99.0000000       0.00000000      0.660000026       10.5419998       26.2507725       7.80000019      0.597642601       10.6415014       9.57901066E-05   8.02135619E-05  0.837388813      -1.87952428E-05  -2.76375868E-05   8.63924870E-05   1.14585360E-04   8.63925015E-05   6.63946848E-05   1.07851163E-04   6.63948595E-05 -0.196212783     -0.344550043     k_33_58_22                                                                         1.36760882E-05   4.45711630E-05   3.50479968E-05   2.60502020E-06   2.17632132E-05   4.95501445E-05   4.72510728E-05   3.41245322E-06
   99.0000000       0.00000000      0.689999998       10.5419998       27.4919453       7.80000019      0.572060525       11.2655067       6.13967932E-05   5.02836410E-05  0.818994582      -1.57673567E-05  -2.01915827E-05   5.35131076E-05   7.71641571E-05   5.35131185E-05   4.01878460E-05   7.04752092E-05   4.01878278E-05 -0.256810755     -0.401553720     k_33_58_23                                                                         1.17447153E-05   3.26955342E-05   2.73323622E-05   2.04237404E-06   1.87678597E-05   3.73288785E-05   3.75588388E-05   2.72179204E-06
   99.0000000       0.00000000      0.720000029       10.5419998       29.0863361       7.80000019      0.546302855       11.9525642       3.82769613E-05   3.06982693E-05  0.802003801      -1.18071257E-05  -1.38455189E-05   3.23733948E-05   5.00840906E-05   3.23734057E-05   2.37755503E-05   4.45437872E-05   2.37754757E-05 -0.308465600     -0.451019526     k_33_58_24                                                                         1.01997521E-05   2.40216177E-05   2.12796895E-05   1.59057436E-06   1.62562446E-05   2.81636821E-05   2.97832976E-05   2.15467480E-06
   99.0000000       0.00000000      0.750000000       10.5419998       31.2177277       7.80000019      0.520411670       12.7114477       2.29835077E-05   1.81092491E-05  0.787923634      -8.09196899E-06  -8.98227518E-06   1.89375241E-05   3.10754767E-05   1.89375278E-05   1.36180770E-05   2.70915207E-05   1.36181416E-05 -0.352077186     -0.496004850     k_33_58_25                                                                         8.94485765E-06   1.77032889E-05   1.65523998E-05   1.23057271E-06   1.41273586E-05   2.12657651E-05   2.35412426E-05   1.69131908E-06
   99.0000000       0.00000000      0.779999971       10.5419998       34.2349777       7.80000019      0.494426131       13.5527210       1.31079196E-05   1.02036465E-05  0.778433740      -5.08602352E-06  -5.44639124E-06   1.05649069E-05   1.81939413E-05   1.05649069E-05   7.48045750E-06   1.56500373E-05   7.48044431E-06 -0.388011485     -0.533769131     k_33_58_26                                                                         7.91459206E-06   1.31377683E-05   1.28999100E-05   9.47359695E-07   1.23289647E-05   1.60900690E-05   1.85672416E-05   1.31754632E-06
   99.0000000       0.00000000      0.810000002       10.5419998       38.9062691       7.80000019      0.468382627       14.4892368       6.89088392E-06   5.32522927E-06  0.772793353      -2.87420539E-06  -3.01247633E-06   5.45378134E-06   9.76509000E-06   5.45378134E-06   3.81897462E-06   8.33770537E-06   3.81900736E-06 -0.417102575     -0.565698922     k_33_58_27                                                                         7.04379590E-06   9.79137621E-06   1.00482475E-05   7.29172370E-07   1.07860451E-05   1.21806570E-05   1.45883560E-05   1.01663954E-06
   99.0000000       0.00000000      0.839999974       10.5419998       47.4040833       7.80000019      0.442314118       15.5367985       3.13332794E-06   2.41787620E-06  0.771663964      -1.37583072E-06  -1.42418958E-06   2.44541229E-06   4.50915786E-06   2.44541252E-06   1.70577050E-06   3.84206533E-06   1.70579199E-06 -0.439095676     -0.589025021     k_33_58_28                                                                         6.31252033E-06   7.34963169E-06   7.84016174E-06   5.55095085E-07   9.47730678E-06   9.24461074E-06   1.14396180E-05   7.78178219E-07
   99.0000000       0.00000000      0.870000005       10.5419998       70.4271545       7.80000019      0.416250646       16.7150249       9.80403001E-07   7.60212515E-07  0.775408208      -4.45375065E-07  -4.57792908E-07   7.57715441E-07   1.42577801E-06   7.57715441E-07   5.31319131E-07   1.21800542E-06   5.31313106E-07 -0.454277545     -0.602190673     k_33_58_29                                                                         5.69114809E-06   5.54760391E-06   6.12402482E-06   4.21674486E-07   8.36273102E-06   7.03320347E-06   8.95070843E-06   5.90473292E-07
