 #! thr0[f,0]/ phr0[f,1]/ pr[f,2]/ ei[f,3]/ th_e[f,4]/ q2[f,5]/ x[f,6]/ plab[f,7]/ crs0[f,8]/ crs12[f,9]/  ratio[f,10]/ crs_ten0[f,11]/ crs_ten12[f,12]/  crs_pol0_-1[f,13]/ crs_pol0_0[f,14]/ crs_pol0_1[f,15]/ crs_pol12_-1[f,16]/ crs_pol12_0[f,17]/ crs_pol12_1[f,18]/ asym0[f,19]/ asym12[f,20]/ ID[s,21]/ w_l[f,22]/ w_t[f,23]/ w_lt[f,24]/ w_tt[f,25]/ w_l_pwia[f,26]/ w_t_pwia[f,27]/ w_lt_pwia[f,28]/ w_tt_pwia[f,29]/ 
   99.0000000       0.00000000       0.00000000       10.5419998       11.2273674       3.50000000      0.998511314       2.64367962       7739.69629       7562.35449      0.977086723      -5.81732020E-02  -29.5178871       7739.66699       7739.75439       7739.66699       7547.59619       7591.87207       7547.59619      -7.51621246E-06  -3.90326674E-03 k_33_15_0                                                                          28.0373344       218.177399       2.86031456E-04  -6.86645508E-05   28.7153015       223.274384      -3.46944695E-18   0.00000000    
   99.0000000       0.00000000       2.99999993E-02   10.5419998       11.2372561       3.50000000      0.990446329       2.67591977       3801.38330       3681.58374      0.968485296       54.2601051       33.2801819       3828.51294       3747.12378       3828.51343       3698.22388       3648.30371       3698.22388       1.42737785E-02   9.03963763E-03 k_33_15_1                                                                          13.3219643       102.814781       3.74007440       2.96325684E-02   13.7793236       106.215057       3.80564189       2.99911499E-02
   99.0000000       0.00000000       5.99999987E-02   10.5419998       11.2497931       3.50000000      0.980436385       2.71661425       1000.36627       943.133911      0.942788601       56.9235382       45.6793594       1028.82788       943.442566       1028.82788       965.973572       897.454529       965.973572       5.69026954E-02   4.84335870E-02 k_33_15_2                                                                          3.34978771       25.5655975       1.89354110       2.99758911E-02   3.56759548       27.1745148       1.95689666       3.07197571E-02
   99.0000000       0.00000000       9.00000036E-02   10.5419998       11.2650785       3.50000000      0.968545198       2.76596165       283.821289       256.522186      0.903815866       36.0855980       29.8154449       301.864044       247.735687       301.864105       271.429901       226.706757       271.429962      0.127141967      0.116229497     k_33_15_3                                                                         0.898798287       6.76314497      0.770456493       1.82304382E-02   1.00285125       7.52341986      0.817428887       1.91359520E-02
   99.0000000       0.00000000      0.119999997       10.5419998       11.2832165       3.50000000      0.954864562       2.82413888       94.9811401       82.2305832      0.865756989       21.1988449       17.6333466       105.580566       73.7822952       105.580566       91.0472488       64.5972443       91.0472717      0.223190039      0.214437813     k_33_15_4                                                                         0.286278933       2.11451626      0.328478843       1.03377104E-02  0.334875792       2.46582103      0.359645605       1.11513138E-02
   99.0000000       0.00000000      0.150000006       10.5419998       11.3043518       3.50000000      0.939481854       2.89142942       36.3913002       29.7471809      0.817425609       12.4254293       10.1885757       42.6040077       23.9658737       42.6040192       34.8414612       19.5586071       34.8414803      0.341439545      0.342505604     k_33_15_5                                                                         0.103586689      0.747740865      0.148900688       5.83687425E-03  0.128954902      0.928649485      0.170613348       6.56294823E-03
   99.0000000       0.00000000      0.180000007       10.5419998       11.3286343       3.50000000      0.922509134       2.96809840       15.4657183       12.2115393      0.789587617       7.35555124       5.99564505       19.1434937       8.11016846       19.1434937       15.2093592       6.21589375       15.2093630      0.475603610      0.490981936     k_33_15_6                                                                          4.31086719E-02  0.302497685       7.23955855E-02   3.36249173E-03   5.54918125E-02  0.389332592       8.65746588E-02   3.96211445E-03
   99.0000000       0.00000000      0.209999993       10.5419998       11.3562546       3.50000000      0.904060602       3.05448341       7.13986254       5.51195383      0.771997213       4.39527988       3.54771185       9.33750248       2.74458265       9.33750248       7.28579712       1.96424115       7.28582096      0.615597248      0.643639624     k_33_15_7                                                                          1.99692827E-02  0.135840446       3.72425839E-02   1.98132545E-03   2.61397175E-02  0.177952677       4.66042534E-02   2.46430188E-03
   99.0000000       0.00000000      0.239999995       10.5419998       11.3874245       3.50000000      0.884256840       3.15097690       3.53741384       2.80052590      0.791687369       2.64247513       2.13971138       4.85865164      0.894938886       4.85865211       3.87037587      0.660814703       3.87038755      0.747007608      0.764039159     k_33_15_8                                                                          1.05993580E-02   6.97158352E-02   2.06712168E-02   1.23846531E-03   1.33203687E-02   8.76080394E-02   2.64923461E-02   1.58365443E-03
   99.0000000       0.00000000      0.270000011       10.5419998       11.4223957       3.50000000      0.863226175       3.25801468       1.86837268       1.51625836      0.811539590       1.59233260       1.27410567       2.66453910      0.276039928       2.66453886       2.15330958      0.242152661       2.15331292      0.852256417      0.840295911     k_33_15_9                                                                          6.04039477E-03   3.83631811E-02   1.21448142E-02   7.77596608E-04   7.29683368E-03   4.61493582E-02   1.58743039E-02   1.05465762E-03
   99.0000000       0.00000000      0.300000012       10.5419998       11.4614639       3.50000000      0.841095030       3.37612152       1.04765010      0.890965581      0.850441933      0.958135545      0.757403374       1.52671802       8.95145014E-02   1.52671814       1.26966572      0.133562312       1.26966906      0.914556801      0.850092769     k_33_15_10                                                                         3.76292062E-03   2.31068432E-02   7.64787383E-03   5.29688783E-04   4.28076554E-03   2.59060115E-02   1.00183468E-02   7.29627907E-04
   99.0000000       0.00000000      0.330000013       10.5419998       11.5049725       3.50000000      0.817991257       3.50589561      0.620948136      0.551958680      0.888896585      0.573319733      0.446744949      0.907607973       4.76284064E-02  0.907607973      0.775330603      0.105213709      0.775331795      0.923297286      0.809381127     k_33_15_11                                                                         2.46374193E-03   1.46650951E-02   5.14781754E-03   3.80576123E-04   2.67902645E-03   1.54316379E-02   6.64636865E-03   5.24531119E-04
   99.0000000       0.00000000      0.360000014       10.5419998       11.5533161       3.50000000      0.794043362       3.64801383      0.386756748      0.346781641      0.896640182      0.339639813      0.251228273      0.556576669       4.71170060E-02  0.556576610      0.472394139       9.55533460E-02  0.472397387      0.878174245      0.724456668     k_33_15_12                                                                         1.63304608E-03   9.41190869E-03   3.57149681E-03   2.84533016E-04   1.77891983E-03   9.69892740E-03   4.61641187E-03   3.90909612E-04
   99.0000000       0.00000000      0.389999986       10.5419998       11.6069736       3.50000000      0.769372642       3.80328107      0.251201242      0.230670467      0.918269634      0.198124677      0.142388165      0.350263566       5.30765355E-02  0.350263566      0.301863790       8.82822946E-02  0.301865280      0.788708985      0.617279589     k_33_15_13                                                                         1.13966619E-03   6.40293583E-03   2.64641317E-03   2.23852461E-04   1.24428782E-03   6.38384046E-03   3.33606335E-03   3.00486106E-04
   99.0000000       0.00000000      0.419999987       10.5419998       11.6664991       3.50000000      0.744097650       3.97261453      0.168690905      0.154639766      0.916704834      0.113007769       7.60324523E-02  0.225194797       5.56831546E-02  0.225194767      0.192655608       7.86073282E-02  0.192656383      0.669910252      0.491674662     k_33_15_14                                                                         8.06462951E-04   4.39572893E-03   1.99251366E-03   1.69927487E-04   9.09416587E-04   4.36395593E-03   2.48979242E-03   2.36696098E-04
   99.0000000       0.00000000      0.449999988       10.5419998       11.7325487       3.50000000      0.718332291       4.15706539      0.116096333      0.106585138      0.918074965       6.23434521E-02   3.94978859E-02  0.147268072       5.37528917E-02  0.147268057      0.126333803       6.70872554E-02  0.126334369      0.536997616      0.370575935     k_33_15_15                                                                         5.95388468E-04   3.10354680E-03   1.53787795E-03   1.48216262E-04   6.88737491E-04   3.07198823E-03   1.90408761E-03   1.89701561E-04
   99.0000000       0.00000000      0.479999989       10.5419998       11.8059072       3.50000000      0.692182064       4.35786057       8.12608898E-02   7.38774240E-02  0.909138739       3.26835066E-02   1.63369123E-02   9.76026356E-02   4.85773683E-02   9.76026282E-02   8.20457637E-02   5.75405098E-02   8.20459872E-02  0.402204633      0.221135378     k_33_15_16                                                                         4.29565640E-04   2.23701843E-03   1.18605269E-03   1.22611411E-04   5.36624109E-04   2.21073162E-03   1.48204295E-03   1.53723056E-04
   99.0000000       0.00000000      0.509999990       10.5419998       11.8875141       3.50000000      0.665746629       4.57641363       5.74789494E-02   5.13354726E-02  0.893117785       1.57185402E-02   4.47814027E-03   6.53382316E-02   4.17604186E-02   6.53382242E-02   5.35744317E-02   4.68573309E-02   5.35746589E-02  0.273466021       8.72328654E-02 k_33_15_17                                                                         3.24987748E-04   1.60740665E-03   9.29349335E-04   1.00153091E-04   4.27593244E-04   1.61674619E-03   1.16749702E-03   1.25293562E-04
   99.0000000       0.00000000      0.540000021       10.5419998       11.9785051       3.50000000      0.639117241       4.81437206       4.08761203E-02   3.59975249E-02  0.880649269       6.34376891E-03  -8.03481031E-04   4.40480076E-02   3.45323570E-02   4.40480076E-02   3.55956517E-02   3.68010066E-02   3.55959199E-02  0.155194983      -2.23204512E-02 k_33_15_18                                                                         2.52202211E-04   1.17468834E-03   7.33183930E-04   8.16877582E-05   3.46807792E-04   1.19597779E-03   9.26762295E-04   1.02296239E-04
   99.0000000       0.00000000      0.569999993       10.5419998       12.0802546       3.50000000      0.612379134       5.07363462       2.91116945E-02   2.51787547E-02  0.864901721       1.43258017E-03  -2.66399956E-03   2.98279859E-02   2.76791137E-02   2.98279859E-02   2.38467958E-02   2.78427545E-02   2.38467101E-02   4.92097847E-02 -0.105803467     k_33_15_19                                                                         1.99655959E-04   8.60638334E-04   5.78357547E-04   6.63693063E-05   2.85317888E-04   8.91935022E-04   7.38963543E-04   8.34129751E-05
   99.0000000       0.00000000      0.600000024       10.5419998       12.1944618       3.50000000      0.585607469       5.35644197       2.06953082E-02   1.75397433E-02  0.847522676      -9.15309414E-04  -3.14992061E-03   2.02376507E-02   2.16106176E-02   2.02376526E-02   1.59647595E-02   2.06896607E-02   1.59648061E-02  -4.42278720E-02 -0.179587618     k_33_15_20                                                                         1.60679439E-04   6.32104580E-04   4.55582573E-04   5.35384461E-05   2.37415923E-04   6.68858294E-04   5.90366195E-04   6.77646894E-05
   99.0000000       0.00000000      0.629999995       10.5419998       12.3232193       3.50000000      0.558872581       5.66539288       1.46467546E-02   1.21485852E-02  0.829438686      -1.84136711E-03  -3.00193997E-03   1.37260733E-02   1.64881218E-02   1.37260733E-02   1.06475940E-02   1.51505275E-02   1.06476387E-02 -0.125718445     -0.247102022     k_33_15_21                                                                         1.31609937E-04   4.64572979E-04   3.58461897E-04   4.27892519E-05   1.99384580E-04   5.03407849E-04   4.71705629E-04   5.47514646E-05
   99.0000000       0.00000000      0.660000026       10.5419998       12.4691648       3.50000000      0.532235742       6.00356293       1.03109935E-02   8.37399159E-03  0.812142074      -2.02314835E-03  -2.58440082E-03   9.29942168E-03   1.23341428E-02   9.29942168E-03   7.08180945E-03   1.09583903E-02   7.08177127E-03 -0.196212739     -0.308622330     k_33_15_22                                                                         1.09698020E-04   3.42514948E-04   2.82020599E-04   3.39538819E-05   1.68940358E-04   3.80282901E-04   3.76947486E-04   4.39959695E-05
   99.0000000       0.00000000      0.689999998       10.5419998       12.6356478       3.50000000      0.505752027       6.37458277       7.19939545E-03   5.73466346E-03  0.796547890      -1.84888148E-03  -2.09691864E-03   6.27495581E-03   9.04827751E-03   6.27495488E-03   4.68621170E-03   7.83158187E-03   4.68619587E-03 -0.256810665     -0.365656793     k_33_15_23                                                                         9.29488233E-05   2.53140024E-04   2.21711816E-04   2.67258365E-05   1.44100166E-04   2.87803181E-04   3.00697197E-04   3.50914488E-05
   99.0000000       0.00000000      0.720000029       10.5419998       12.8269978       3.50000000      0.479469568       6.78277588       4.98024235E-03   3.89854773E-03  0.782802820      -1.53623393E-03  -1.59944105E-03   4.21212567E-03   6.51647663E-03   4.21212567E-03   3.09882266E-03   5.49798924E-03   3.09883198E-03 -0.308465689     -0.410265863     k_33_15_24                                                                         8.00517810E-05   1.87362151E-04   1.74420289E-04   2.09795980E-05   1.23698730E-04   2.18244473E-04   2.39464513E-04   2.77796644E-05
   99.0000000       0.00000000      0.750000000       10.5419998       13.0489016       3.50000000      0.453431159       7.23330688       3.40592512E-03   2.63482775E-03  0.773601174      -1.19914836E-03  -1.20088772E-03   2.80635129E-03   4.60507395E-03   2.80635129E-03   2.03437638E-03   3.83571535E-03   2.03439174E-03 -0.352077127     -0.455774665     k_33_15_25                                                                         6.96351708E-05   1.39836819E-04   1.37334733E-04   1.63311925E-05   1.06750173E-04   1.65711361E-04   1.90231585E-04   2.18057321E-05
   99.0000000       0.00000000      0.779999971       10.5419998       13.3090000       3.50000000      0.427673161       7.73242140       2.30152672E-03   1.76545943E-03  0.767081857      -8.93019082E-04  -8.69747892E-04   1.85501727E-03   3.19454609E-03   1.85501727E-03   1.33058568E-03   2.63520726E-03   1.33058545E-03 -0.388011605     -0.492646784     k_33_15_26                                                                         6.13774027E-05   1.04854757E-04   1.08312219E-04   1.26714149E-05   9.26940847E-05   1.26139494E-04   1.50920561E-04   1.69867344E-05
   99.0000000       0.00000000      0.810000002       10.5419998       13.6178045       3.50000000      0.402226865       8.28771877       1.53109024E-03   1.16856641E-03  0.763225019      -6.38621801E-04  -6.10694638E-04   1.21177966E-03   2.16971221E-03   1.21177977E-03   8.63221532E-04   1.77926116E-03   8.63216526E-04 -0.417102665     -0.522601545     k_33_15_27                                                                         5.45374896E-05   7.89752521E-05   8.53950914E-05   9.74243812E-06   8.08428449E-05   9.61133483E-05   1.19387609E-04   1.31072848E-05
   99.0000000       0.00000000      0.839999974       10.5419998       13.9902067       3.50000000      0.377118826       8.90852737       1.00196921E-03   7.64099648E-04  0.762597919      -4.39960393E-04  -4.14939510E-04   7.81989016E-04   1.44192961E-03   7.81989016E-04   5.56628453E-04   1.17903913E-03   5.56631363E-04 -0.439095706     -0.543043733     k_33_15_28                                                                         4.88882688E-05   5.99105988E-05   6.74894254E-05   7.46469050E-06   7.09431479E-05   7.34506539E-05   9.43528794E-05   1.00328907E-05
   99.0000000       0.00000000      0.870000005       10.5419998       14.4480820       3.50000000      0.352370918       9.60644436       6.42620260E-04   4.92451538E-04  0.766318083      -2.91927921E-04  -2.74068938E-04   4.96656168E-04   9.34548094E-04   4.96656168E-04   3.55420663E-04   7.66520447E-04   3.55413416E-04 -0.454277486     -0.556539893     k_33_15_29                                                                         4.41905140E-05   4.58149443E-05   5.35649597E-05   5.72773024E-06   6.26276887E-05   5.62866662E-05   7.44864665E-05   7.61280899E-06
   99.0000000       0.00000000      0.899999976       10.5419998       15.0249872       3.50000000      0.328002214       10.3959980       4.01825033E-04   3.11032141E-04  0.774048686      -1.85743207E-04  -1.75964567E-04   3.08953371E-04   5.87568211E-04   3.08953429E-04   2.23051378E-04   4.86996665E-04   2.23048395E-04 -0.462248981     -0.565743983     k_33_15_30                                                                         4.02029909E-05   3.53199139E-05   4.26677398E-05   4.35883885E-06   5.56031773E-05   4.32350207E-05   5.87232753E-05   5.72068711E-06
   99.0000000       0.00000000      0.930000007       10.5419998       15.7754555       3.50000000      0.304026991       11.2957373       2.43672606E-04   1.90828592E-04  0.783135176      -1.12636233E-04  -1.08671637E-04   1.87354468E-04   3.56308825E-04   1.87354468E-04   1.36493240E-04   2.99500214E-04   1.36492337E-04 -0.462244123     -0.569472492     k_33_15_31                                                                         3.68243709E-05   2.73726037E-05   3.40349725E-05   3.31537376E-06   4.97473120E-05   3.33411008E-05   4.63192810E-05   4.26144925E-06
   99.0000000       0.00000000      0.959999979       10.5419998       16.7950058       3.50000000      0.280457050       12.3296156       1.41885015E-04   1.12641188E-04  0.793890655      -6.43176609E-05  -6.31541770E-05   1.09726192E-04   2.06202691E-04   1.09726185E-04   8.10647252E-05   1.75795372E-04   8.10634665E-05 -0.453308344     -0.560666800     k_33_15_32                                                                         3.40158222E-05   2.13670974E-05   2.72405032E-05   2.47565822E-06   4.49051076E-05   2.58269647E-05   3.65886954E-05   3.14628232E-06
   99.0000000       0.00000000      0.990000010       10.5419998       18.2694530       3.50000000      0.257301122       13.5291624       7.81821363E-05   6.31122020E-05  0.807245791      -3.40019324E-05  -3.40744191E-05   6.11811629E-05   1.12184083E-04   6.11811920E-05   4.60753108E-05   9.71866320E-05   4.60746924E-05 -0.434906662     -0.539902210     k_33_15_33                                                                         3.17933882E-05   1.68365295E-05   2.19972371E-05   1.86361058E-06   4.10613720E-05   2.01573785E-05   2.90504922E-05   2.30747537E-06
   99.0000000       0.00000000       1.01999998       10.5419998       20.6223640       3.50000000      0.234565750       14.9367027       3.93949849E-05   3.22343294E-05  0.818234324      -1.59375177E-05  -1.65488873E-05   3.14262252E-05   5.53324971E-05   3.14262252E-05   2.39601177E-05   4.87832149E-05   2.39596538E-05 -0.404557019     -0.513393283     k_33_15_34                                                                         3.00333722E-05   1.33311260E-05   1.77510665E-05   1.37507914E-06   3.80693309E-05   1.58429284E-05   2.31917365E-05   1.67852431E-06
   99.0000000       0.00000000       1.04999995       10.5419998       25.1222305       3.50000000      0.212255329       16.6103878       1.67999042E-05   1.39374497E-05  0.829614818      -6.07152060E-06  -6.64650406E-06   1.37641455E-05   2.28714216E-05   1.37641400E-05   1.06142006E-05   2.05839551E-05   1.06141970E-05 -0.361402094     -0.476880938     k_33_15_35                                                                         2.88611627E-05   1.06586122E-05   1.45154627E-05   1.01533487E-06   3.60089580E-05   1.25920114E-05   1.87169535E-05   1.21473113E-06
   99.0000000       0.00000000       1.08000004       10.5419998       39.0034332       3.50000000      0.190371826       18.6324444       4.33270998E-06   3.64633888E-06  0.841583908      -1.30469414E-06  -1.55112184E-06   3.68036217E-06   5.63740377E-06   3.68036285E-06   2.87076955E-06   5.19746118E-06   2.87078637E-06 -0.301126570     -0.425391585     k_33_15_36                                                                         2.81280099E-05   8.56648512E-06   1.19517044E-05   7.43932560E-07   3.46676097E-05   1.00697716E-05   1.52190214E-05   8.68850293E-07
