 #! thr0[f,0]/ phr0[f,1]/ pr[f,2]/ ei[f,3]/ th_e[f,4]/ q2[f,5]/ x[f,6]/ plab[f,7]/ crs0[f,8]/ crs12[f,9]/  ratio[f,10]/ crs_ten0[f,11]/ crs_ten12[f,12]/  crs_pol0_-1[f,13]/ crs_pol0_0[f,14]/ crs_pol0_1[f,15]/ crs_pol12_-1[f,16]/ crs_pol12_0[f,17]/ crs_pol12_1[f,18]/ asym0[f,19]/ asym12[f,20]/ ID[s,21]/ w_l[f,22]/ w_t[f,23]/ w_lt[f,24]/ w_tt[f,25]/ w_l_pwia[f,26]/ w_t_pwia[f,27]/ w_lt_pwia[f,28]/ w_tt_pwia[f,29]/ 
   93.0000000       0.00000000       0.00000000       10.5419998       12.9588032       4.40000010      0.998613060       3.14848971       2647.85840       2588.66675      0.977645457      -1.97072178E-02  -9.84312057       2647.84888       2647.87817       2647.84888       2583.74487       2598.50977       2583.74487      -7.44270073E-06  -3.80239007E-03 k_31_24_0                                                                          14.5817356       126.441658      -2.78304477E-04  -2.28881836E-05   14.9235668       129.325409      -1.07603718E-31   0.00000000    
   93.0000000       0.00000000       2.99999993E-02   10.5419998       12.9605207       4.40000010      0.997694492       3.15299845       1307.65100       1268.29578      0.969903886       19.9782333       12.8686686       1317.63977       1287.67249       1317.63977       1274.72998       1255.42700       1274.72998       1.52779547E-02   1.01464251E-02 k_31_24_1                                                                          6.92393827       59.5710678       2.13357878       1.50413513E-02   7.14680719       61.4516983       2.16943979       1.53827667E-02
   93.0000000       0.00000000       5.99999987E-02   10.5419998       12.9741096       4.40000010      0.990497410       3.18859744       344.827148       324.799286      0.941919148       21.0023155       17.0725079       355.328308       323.824860       355.328278       333.335480       307.726807       333.335510       6.09067939E-02   5.25632538E-02 k_31_24_2                                                                          1.72605157       14.7951603       1.07747471       1.53670311E-02   1.83918440       15.7402716       1.11415005       1.57384872E-02
   93.0000000       0.00000000       9.00000036E-02   10.5419998       12.9871178       4.40000010      0.983723938       3.22254753       98.2259369       87.9165115      0.895043731       13.3673868       11.0087137       104.909622       84.8585510       104.909622       93.4208603       76.9077911       93.4208679      0.136088163      0.125217825     k_31_24_3                                                                         0.457522154       3.87781048      0.435528666       9.34958458E-03  0.515306473       4.35790730      0.464341015       9.80687141E-03
   93.0000000       0.00000000      0.119999997       10.5419998       13.0037308       4.40000010      0.975236595       3.26571345       33.0090714       27.8771496      0.844529927       7.88568497       6.44135904       36.9519157       25.1233826       36.9519157       31.0978298       21.4357929       31.0978317      0.238894477      0.231062323     k_31_24_4                                                                         0.143223614       1.19255328      0.183800578       5.28973341E-03  0.171606138       1.42834926      0.203825429       5.71548939E-03
   93.0000000       0.00000000      0.150000006       10.5419998       13.0241108       4.40000010      0.965065897       3.31838155       12.7020407       9.97929001      0.785644650       4.64214468       3.70013285       15.0231123       8.05989552       15.0231123       11.8293514       6.27915859       11.8293629      0.365464479      0.370781183     k_31_24_5                                                                          5.09509668E-02  0.414871454       8.22960287E-02   2.96863914E-03   6.59384057E-02  0.537940502       9.64658186E-02   3.36381793E-03
   93.0000000       0.00000000      0.180000007       10.5419998       13.0483618       4.40000010      0.953296125       3.38065386       5.42242908       4.01962566      0.741296113       2.76038957       2.14712286       6.80262375       2.66203976       6.80262518       5.09318876       1.87250292       5.09318590      0.509068847      0.534159899     k_31_24_6                                                                          2.07459200E-02  0.163485453       3.91971506E-02   1.69646740E-03   2.83279512E-02  0.225530759       4.88311723E-02   2.03074515E-03
   93.0000000       0.00000000      0.209999993       10.5419998       13.0766811       4.40000010      0.939989388       3.45283341       2.51491404       1.80267489      0.716793835       1.65711224       1.25573778       3.34346986      0.857801616       3.34346986       2.43054056      0.546936989       2.43054700      0.658914089      0.696596920     k_31_24_7                                                                          9.53681581E-03   7.26967007E-02   1.97115298E-02   9.88524407E-04   1.33288121E-02  0.103082359       2.62204241E-02   1.26307830E-03
   93.0000000       0.00000000      0.239999995       10.5419998       13.1092577       4.40000010      0.925237179       3.53515410       1.25198495      0.941842735      0.752279580       1.00104952      0.755896449       1.75251007      0.250935525       1.75251007       1.31979048      0.185946345       1.31979144      0.799569905      0.802571833     k_31_24_8                                                                          5.24159195E-03   3.85677740E-02   1.07828947E-02   6.02075830E-04   6.78768521E-03   5.07467017E-02   1.48660876E-02   8.11697915E-04
   93.0000000       0.00000000      0.270000011       10.5419998       13.1462994       4.40000010      0.909141064       3.62787127      0.664554656      0.518003583      0.779474735      0.606223047      0.444227666      0.967666328       5.83316237E-02  0.967666268      0.740117133       7.37759098E-02  0.740117729      0.912224531      0.857576430     k_31_24_9                                                                          3.06814467E-03   2.15556361E-02   6.25143992E-03   3.79923731E-04   3.71739827E-03   2.67294832E-02   8.88322573E-03   5.40561974E-04
   93.0000000       0.00000000      0.300000012       10.5419998       13.1880808       4.40000010      0.891798198       3.73133945      0.374558538      0.314502567      0.839662015      0.366658539      0.261832595      0.557887733       7.89997540E-03  0.557887733      0.445418000       5.26699722E-02  0.445419610      0.978908479      0.832529306     k_31_24_10                                                                         1.95984310E-03   1.35118663E-02   3.88970808E-03   2.55877152E-04   2.18110206E-03   1.50022432E-02   5.58982044E-03   3.73965129E-04
   93.0000000       0.00000000      0.330000013       10.5419998       13.2349129       4.40000010      0.873312593       3.84595203      0.223197624      0.196114764      0.878659725      0.220578194      0.147084266      0.333486706       2.61945371E-03  0.333486736      0.269656539       4.90304939E-02  0.269657224      0.988264084      0.749990761     k_31_24_11                                                                         1.26961421E-03   8.66886135E-03   2.55514029E-03   1.74872577E-04   1.36547897E-03   8.93424265E-03   3.69679555E-03   2.68844422E-04
   93.0000000       0.00000000      0.360000014       10.5419998       13.2871981       4.40000010      0.853775322       3.97225761      0.139798552      0.132026985      0.944408834      0.131405875       8.43899548E-02  0.205501512       8.39270838E-03  0.205501512      0.174221650       4.76370379E-02  0.174222261      0.939965904      0.639187157     k_31_24_12                                                                         9.13763011E-04   5.94931655E-03   1.86266180E-03   1.36324903E-04   9.07100039E-04   5.61322086E-03   2.55910656E-03   2.00359384E-04
   93.0000000       0.00000000      0.389999986       10.5419998       13.3453121       4.40000010      0.833310843       4.11066484       9.13359895E-02   9.18158367E-02   1.00525367       7.71063492E-02   4.79079485E-02  0.129889175       1.42296311E-02  0.129889145      0.115769461       4.39078882E-02  0.115770154      0.844205558      0.521783054     k_31_24_13                                                                         6.61118305E-04   4.23237868E-03   1.41686061E-03   1.08612003E-04   6.34711178E-04   3.69269960E-03   1.84264686E-03   1.54012232E-04
   93.0000000       0.00000000      0.419999987       10.5419998       13.4097986       4.40000010      0.812008858       4.26188326       6.17182814E-02   6.29242435E-02   1.01953983       4.42536473E-02   2.47840863E-02   8.38451162E-02   1.74646378E-02   8.38451013E-02   7.53160417E-02   3.81401591E-02   7.53165334E-02  0.717026591      0.393871814     k_31_24_14                                                                         4.74458036E-04   2.93795485E-03   1.09453313E-03   8.94177938E-05   4.63934615E-04   2.52257264E-03   1.36985118E-03   1.21319899E-04
   93.0000000       0.00000000      0.449999988       10.5419998       13.4812241       4.40000010      0.789978683       4.42656660       4.27611060E-02   4.31075692E-02   1.00810230       2.45808978E-02   1.10738873E-02   5.50515577E-02   1.81802120E-02   5.50515614E-02   4.86444049E-02   3.20336819E-02   4.86446097E-02  0.574842393      0.256889611     k_31_24_15                                                                         3.42339103E-04   2.03506253E-03   8.51570803E-04   7.46105798E-05   3.51239956E-04   1.77429209E-03   1.04325952E-03   9.72438138E-05
   93.0000000       0.00000000      0.479999989       10.5419998       13.5602980       4.40000010      0.767314851       4.60555744       3.01368739E-02   2.96402350E-02  0.983520567       1.29740853E-02   3.23884096E-03   3.66239175E-02   1.71627887E-02   3.66239212E-02   3.12596001E-02   2.64013968E-02   3.12597193E-02  0.430505335      0.109271772     k_31_24_16                                                                         2.43238377E-04   1.42709468E-03   6.59878191E-04   6.16674079E-05   2.73295329E-04   1.27511658E-03   8.08133744E-04   7.87898316E-05
   93.0000000       0.00000000      0.509999990       10.5419998       13.6478281       4.40000010      0.744115293       4.79975796       2.14778949E-02   2.09648460E-02  0.976112723       6.28675194E-03  -3.72546259E-04   2.46212706E-02   1.51911452E-02   2.46212706E-02   2.07785200E-02   2.13373937E-02   2.07786225E-02  0.292708009      -1.77700445E-02 k_31_24_17                                                                         1.79413095E-04   1.03976391E-03   5.19414607E-04   5.16441069E-05   2.17277353E-04   9.31049115E-04   6.33379153E-04   6.42186205E-05
   93.0000000       0.00000000      0.540000021       10.5419998       13.7447948       4.40000010      0.720467627       5.01025581       1.53984195E-02   1.46463234E-02  0.951157570       2.55790702E-03  -2.05737655E-03   1.66773703E-02   1.28405113E-02   1.66773740E-02   1.36176283E-02   1.67037006E-02   1.36176469E-02  0.166114911     -0.140470520     k_31_24_18                                                                         1.36705043E-04   7.40454707E-04   4.12040972E-04   4.29364154E-05   1.75602487E-04   6.87371008E-04   4.99975751E-04   5.24313364E-05
   93.0000000       0.00000000      0.569999993       10.5419998       13.8523417       4.40000010      0.696461201       5.23823023       1.10605620E-02   1.02645559E-02  0.928032041       5.83399262E-04  -2.39896681E-03   1.13522597E-02   1.04771620E-02   1.13522597E-02   9.06506274E-03   1.26635218E-02   9.06508137E-03   5.27458973E-02 -0.233713642     k_31_24_19                                                                         1.06021747E-04   5.34975668E-04   3.24429828E-04   3.48479953E-05   1.43689918E-04   5.11209888E-04   3.96106567E-04   4.27406194E-05
   93.0000000       0.00000000      0.600000024       10.5419998       13.9718685       4.40000010      0.672173440       5.48509979       7.94130191E-03   7.18200160E-03  0.904385924      -3.75942007E-04  -2.15929584E-03   7.75333168E-03   8.31724517E-03   7.75333168E-03   6.10234076E-03   9.34129674E-03   6.10236637E-03  -4.73400988E-02 -0.300653756     k_31_24_20                                                                         8.37074840E-05   3.89117806E-04   2.53800390E-04   2.80868408E-05   1.18774660E-04   3.82291822E-04   3.14412813E-04   3.47323949E-05
   93.0000000       0.00000000      0.629999995       10.5419998       14.1050587       4.40000010      0.647678196       5.75247622       5.68155060E-03   5.00066532E-03  0.880158544      -7.64821365E-04  -1.78782514E-03   5.29913930E-03   6.44637132E-03   5.29913930E-03   4.10674699E-03   6.78848987E-03   4.10675909E-03 -0.134614900     -0.357517451     k_31_24_21                                                                         6.70071386E-05   2.83452362E-04   1.97649773E-04   2.24716205E-05   9.88785032E-05   2.86716095E-04   2.49408593E-04   2.80687818E-05
   93.0000000       0.00000000      0.660000026       10.5419998       14.2539539       4.40000010      0.623045743       6.04218626       4.04655514E-03   3.46083264E-03  0.855254054      -8.49742966E-04  -1.41421764E-03   3.62168322E-03   4.89629852E-03   3.62168415E-03   2.75372039E-03   4.87504993E-03   2.75372737E-03 -0.209991693     -0.408635080     k_31_24_22                                                                         5.44360446E-05   2.06559867E-04   1.53291156E-04   1.77857219E-05   8.28308766E-05   2.15580687E-04   1.97646485E-04   2.25518379E-05
   93.0000000       0.00000000      0.689999998       10.5419998       14.4210701       4.40000010      0.598339856       6.35635281       2.86269910E-03   2.37817923E-03  0.830747187      -7.86902150E-04  -1.08240487E-03   2.46924860E-03   3.64960218E-03   2.46924837E-03   1.83697126E-03   3.46058421E-03   1.83698232E-03 -0.274881184     -0.455140144     k_31_24_23                                                                         4.48184874E-05   1.50515043E-04   1.18383810E-04   1.39151671E-05   6.96790376E-05   1.62252283E-04   1.56222624E-04   1.79858980E-05
   93.0000000       0.00000000      0.720000029       10.5419998       14.6095438       4.40000010      0.573617578       6.69744301       2.01009447E-03   1.62348920E-03  0.807668090      -6.63673854E-04  -8.07627395E-04   1.67825713E-03   2.67376844E-03   1.67825783E-03   1.21967762E-03   2.43111653E-03   1.21967308E-03 -0.330170482     -0.497463971     k_31_24_24                                                                         3.73412659E-05   1.09785688E-04   9.11662501E-05   1.08193635E-05   5.88347029E-05   1.22238722E-04   1.23159247E-04   1.42383069E-05
   93.0000000       0.00000000      0.750000000       10.5419998       14.8233204       4.40000010      0.548931777       7.06830549       1.39853393E-03   1.10034598E-03  0.786785305      -5.26984571E-04  -5.88374853E-04   1.13504159E-03   1.92551850E-03   1.13504147E-03   8.06157943E-04   1.68872077E-03   8.06159049E-04 -0.376812160     -0.534718037     k_31_24_25                                                                         3.14479694E-05   8.01930437E-05   7.00305463E-05   8.33757440E-06   4.98003646E-05   9.21117753E-05   9.67562155E-05   1.11777517E-05
   93.0000000       0.00000000      0.779999971       10.5419998       15.0674524       4.40000010      0.524329007       7.47228193       9.63710947E-04   7.41166761E-04  0.769075811      -4.00198274E-04  -4.20104625E-04   7.63611926E-04   1.36390922E-03   7.63611810E-04   5.31115162E-04   1.16127136E-03   5.31113590E-04 -0.415267944     -0.566815257     k_31_24_26                                                                         2.67417217E-05   5.88083130E-05   5.37580054E-05   6.37095764E-06   4.22628400E-05   6.94635528E-05   7.57868402E-05   8.70541771E-06
   93.0000000       0.00000000      0.810000002       10.5419998       15.3484716       4.40000010      0.499852449       7.91326332       6.56290096E-04   4.94711916E-04  0.753800690      -2.93001794E-04  -2.94075086E-04   5.09789155E-04   9.49291803E-04   5.09789155E-04   3.47674883E-04   7.88787089E-04   3.47673893E-04 -0.446451634     -0.594437063     k_31_24_27                                                                         2.28910212E-05   4.32190027E-05   4.11613146E-05   4.83002077E-06   3.59105579E-05   5.23734816E-05   5.91231001E-05   6.71808084E-06
   93.0000000       0.00000000      0.839999974       10.5419998       15.6750689       4.40000010      0.475538403       8.39586926       4.41664364E-04   3.28272814E-04  0.743263066      -2.07576188E-04  -2.02458235E-04   3.37876263E-04   6.49240508E-04   3.37876263E-04   2.27043449E-04   5.30731049E-04   2.27043973E-04 -0.469986260     -0.616737723     k_31_24_28                                                                         1.97236332E-05   3.19755709E-05   3.15921970E-05   3.66705899E-06   3.05830217E-05   3.95341631E-05   4.59979419E-05   5.14283784E-06
   93.0000000       0.00000000      0.870000005       10.5419998       16.0589733       4.40000010      0.451420784       8.92554379       2.92863377E-04   2.15267704E-04  0.735044837      -1.42411707E-04  -1.36030430E-04   2.21657523E-04   4.35275084E-04   2.21657523E-04   1.47253813E-04   3.51298164E-04   1.47251150E-04 -0.486273527     -0.631912887     k_31_24_29                                                                         1.70715466E-05   2.37241366E-05   2.42065344E-05   2.75120146E-06   2.60680044E-05   2.98413670E-05   3.56452874E-05   3.89956949E-06
   93.0000000       0.00000000      0.899999976       10.5419998       16.5164890       4.40000010      0.427529216       9.50877857       1.91181520E-04   1.39649084E-04  0.730452836      -9.45909487E-05  -8.91440359E-05   1.43886064E-04   2.85772519E-04   1.43886064E-04   9.50774047E-05   2.28793098E-04   9.50767426E-05 -0.494770348     -0.638343155     k_31_24_30                                                                         1.48415857E-05   1.77052571E-05   1.85727513E-05   2.06321420E-06   2.22643812E-05   2.25536096E-05   2.75498696E-05   2.93169524E-06
   93.0000000       0.00000000      0.930000007       10.5419998       17.0710335       4.40000010      0.403888613       10.1534042       1.22507001E-04   8.93084944E-05  0.729007244      -6.06127287E-05  -5.66506351E-05   9.22006584E-05   1.83119744E-04   9.22006584E-05   6.09823364E-05   1.45959144E-04   6.09840354E-05 -0.494769514     -0.634325266     k_31_24_31                                                                         1.29459713E-05   1.32878458E-05   1.42629697E-05   1.53591100E-06   1.90503815E-05   1.70645471E-05   2.12347495E-05   2.18419518E-06
   93.0000000       0.00000000      0.959999979       10.5419998       17.7575436       4.40000010      0.380521446       10.8688841       7.67990423E-05   5.61401830E-05  0.731001079      -3.72632894E-05  -3.46639354E-05   5.81674030E-05   1.14062343E-04   5.81674030E-05   3.88079025E-05   9.08041184E-05   3.88085355E-05 -0.485205144     -0.617453218     k_31_24_32                                                                         1.13187216E-05   1.00411798E-05   1.09679177E-05   1.13667602E-06   1.63371733E-05   1.29301898E-05   1.63302302E-05   1.61260868E-06
   93.0000000       0.00000000      0.990000010       10.5419998       18.6308746       4.40000010      0.357445240       11.6668463       4.69729275E-05   3.45778208E-05  0.736122310      -2.18574150E-05  -2.05143915E-05   3.60442209E-05   6.88303480E-05   3.60442209E-05   2.43207214E-05   5.50922086E-05   2.43205268E-05 -0.465319425     -0.593281806     k_31_24_33                                                                         9.95367373E-06   7.63664229E-06   8.49055232E-06   8.45064278E-07   1.40801048E-05   9.83601240E-06   1.25637816E-05   1.18231492E-06
   93.0000000       0.00000000       1.01999998       10.5419998       19.7827206       4.40000010      0.334676594       12.5616102       2.78121679E-05   2.07137582E-05  0.744773209      -1.20433187E-05  -1.17020891E-05   2.17905090E-05   3.98554876E-05   2.17905090E-05   1.48627278E-05   3.24158500E-05   1.48627032E-05 -0.433023363     -0.564942837     k_31_24_34                                                                         8.78961328E-06   5.86253236E-06   6.60201977E-06   6.25654593E-07   1.21984040E-05   7.51070729E-06   9.67190499E-06   8.60324462E-07
   93.0000000       0.00000000       1.04999995       10.5419998       21.3805332       4.40000010      0.312228560       13.5711050       1.57845698E-05   1.19098577E-05  0.754525304      -6.10597181E-06  -6.16588977E-06   1.27315816E-05   2.18905407E-05   1.27315816E-05   8.82688801E-06   1.80757470E-05   8.82693803E-06 -0.386831701     -0.517713130     k_31_24_35                                                                         7.81589279E-06   4.53434359E-06   5.15822330E-06   4.61302079E-07   1.06565876E-05   5.77153560E-06   7.47235390E-06   6.22597781E-07
   93.0000000       0.00000000       1.08000004       10.5419998       23.7711010       4.40000010      0.290112019       14.7180414       8.35048559E-06   6.37218773E-06  0.763091862      -2.69148450E-06  -2.93637891E-06   7.00474311E-06   1.10419705E-05   7.00474220E-06   4.90395587E-06   9.30856731E-06   4.90404136E-06 -0.322314739     -0.460811734     k_31_24_36                                                                         6.95053495E-06   3.50291521E-06   4.01361967E-06   3.35408004E-07   9.34194031E-06   4.43812041E-06   5.76443654E-06   4.45325213E-07
   93.0000000       0.00000000       1.11000001       10.5419998       27.8323765       4.40000010      0.268335164       16.0316505       3.97552503E-06   3.07246137E-06  0.772844195      -9.60530087E-07  -1.18468813E-06   3.49525999E-06   4.93605512E-06   3.49525999E-06   2.48011452E-06   4.25714916E-06   2.48011952E-06 -0.241610870     -0.385582745     k_31_24_37                                                                         6.27884901E-06   2.74208082E-06   3.17028730E-06   2.45295041E-07   8.32908609E-06   3.45774174E-06   4.49914342E-06   3.18546654E-07
   93.0000000       0.00000000       1.13999999       10.5419998       36.8309631       4.40000010      0.246905431       17.5500698       1.47744493E-06   1.15703142E-06  0.783129990      -2.04225358E-07  -3.35820204E-07   1.37533198E-06   1.68167026E-06   1.37533254E-06   9.89115961E-07   1.49285154E-06   9.89126534E-07 -0.138228744     -0.290242940     k_31_24_38                                                                         5.74832484E-06   2.16711101E-06   2.53339431E-06   1.79538802E-07   7.54079929E-06   2.72158150E-06   3.54607278E-06   2.27036594E-07
   93.0000000       0.00000000       1.16999996       10.5419998       108.115997       4.40000010      0.225826979       19.3242626       1.37813842E-07   1.09710570E-07  0.796078026      -3.07510040E-09  -2.05332462E-08   1.36276341E-07   1.40888943E-07   1.36276228E-07   9.94442644E-08   1.30243819E-07   9.94436320E-08  -2.23134365E-02 -0.187158316     k_31_24_39                                                                         5.37360211E-06   1.73895978E-06   2.06197137E-06   1.32052548E-07   6.98588383E-06   2.17707816E-06   2.84276348E-06   1.62030574E-07
