 #! thr0[f,0]/ phr0[f,1]/ pr[f,2]/ ei[f,3]/ th_e[f,4]/ q2[f,5]/ x[f,6]/ plab[f,7]/ crs0[f,8]/ crs12[f,9]/  ratio[f,10]/ crs_ten0[f,11]/ crs_ten12[f,12]/  crs_pol0_-1[f,13]/ crs_pol0_0[f,14]/ crs_pol0_1[f,15]/ crs_pol12_-1[f,16]/ crs_pol12_0[f,17]/ crs_pol12_1[f,18]/ asym0[f,19]/ asym12[f,20]/ ID[s,21]/ w_l[f,22]/ w_t[f,23]/ w_lt[f,24]/ w_tt[f,25]/ w_l_pwia[f,26]/ w_t_pwia[f,27]/ w_lt_pwia[f,28]/ w_tt_pwia[f,29]/ 
   99.0000000       0.00000000       0.00000000       10.5419998       9.20506763       2.50000000      0.998312354       2.06901717       34069.1055       33290.8359      0.977156162     -0.255250871      -135.543137       34068.9766       34069.3633       34068.9766       33223.0703       33426.3828       33223.0703      -7.49215087E-06  -4.07148479E-03 k_33_5_0                                                                           71.1667023       461.116241      -1.20999443E-03  -3.05175781E-05   72.8767166       471.841400      -4.54193996E-31   0.00000000    
   99.0000000       0.00000000       2.99999993E-02   10.5419998       9.21110725       2.50000000      0.989380777       2.09543157       16819.4297       16286.9980      0.968344271       240.076355       142.138702       16939.4707       16579.3555       16939.4707       16358.0693       16144.8604       16358.0693       1.42737515E-02   8.72712675E-03 k_33_5_1                                                                           33.7778358       217.239258       8.26216888       7.65914917E-02   34.9398499       224.464233       8.40733814       7.73239136E-02
   99.0000000       0.00000000       5.99999987E-02   10.5419998       9.21888447       2.50000000      0.978139520       2.12928057       4447.75439       4183.83643      0.940662622       253.089355       199.789185       4574.29932       4194.66504       4574.29932       4283.73145       3984.04736       4283.73145       5.69027290E-02   4.77526262E-02 k_33_5_2                                                                           8.45973969       53.8944550       4.17706394       7.71083832E-02   9.03345871       57.4293594       4.32146549       7.91473389E-02
   99.0000000       0.00000000       9.00000036E-02   10.5419998       9.22844982       2.50000000      0.964697301       2.17067409       1267.76733       1147.02490      0.904759765       161.186386       132.754242       1348.36047       1106.58081       1348.36023       1213.40210       1014.27069       1213.40210      0.127141938      0.115737893     k_33_5_3                                                                           2.27249742       14.3035660       1.70185399       4.71043587E-02   2.53433299       15.9003353       1.80436349       4.93149757E-02
   99.0000000       0.00000000      0.119999997       10.5419998       9.23986816       2.50000000      0.949178100       2.21976018       426.146759       367.223724      0.861730635       95.1116791       78.6729507       473.702606       331.035065       473.702606       406.560120       288.550781       406.560272      0.223189965      0.214237109     k_33_5_4                                                                          0.716616094       4.44274044      0.723476171       2.66249180E-02  0.844128430       5.21174431      0.793491840       2.87396908E-02
   99.0000000       0.00000000      0.150000006       10.5419998       9.25322151       2.50000000      0.931718826       2.27673125       163.975616       135.202652      0.824528992       55.9877472       46.2367363       191.969498       107.987862       191.969498       158.320892       88.9659271       158.321152      0.341439456      0.341980994     k_33_5_5                                                                          0.262010902       1.59421158      0.329966038       1.50680542E-02  0.324035794       1.96298909      0.376234114       1.69140697E-02
   99.0000000       0.00000000      0.180000007       10.5419998       9.26860428       2.50000000      0.912475944       2.34179592       69.9779434       56.0566940      0.801062346       33.2817612       27.5053177       86.6188278       36.6961784       86.6188049       69.8093338       28.5513783       69.8093643      0.475603580      0.490669638     k_33_5_6                                                                          0.109028481      0.649831533      0.160743371       8.69140029E-03  0.138908625      0.823098302      0.190811142       1.02111697E-02
   99.0000000       0.00000000      0.209999993       10.5419998       9.28612328       2.50000000      0.891613722       2.41520762       32.4382973       26.3302803      0.811703503       19.9689293       16.6748791       42.4227638       12.4693718       42.4227638       34.6676750       9.65540218       34.6677666      0.615597308      0.633296669     k_33_5_7                                                                           5.22413552E-02  0.305032790       8.40492398E-02   5.18789887E-03   6.51396513E-02  0.376294017      0.102660358       6.35106862E-03
   99.0000000       0.00000000      0.239999995       10.5419998       9.30590343       2.50000000      0.869309902       2.49724412       16.1367702       13.0265493      0.807258785       12.0542889       9.97948360       22.1639137       4.08248043       22.1639156       18.0162525       3.04706669       18.0163307      0.747007549      0.766088009     k_33_5_8                                                                           2.66955551E-02  0.151204079       4.60109450E-02   3.14948708E-03   3.30207907E-02  0.185305834       5.83258644E-02   4.08139080E-03
   99.0000000       0.00000000      0.270000011       10.5419998       9.32808781       2.50000000      0.845739067       2.58825278       8.55773830       7.27791595      0.850448549       7.29338932       6.08583641       12.2044344       1.26435041       12.2044344       10.3207865       1.19207871       10.3208809      0.852256656      0.836205900     k_33_5_9                                                                           1.55978035E-02   8.60221684E-02   2.75342036E-02   2.04788893E-03   1.79805700E-02   9.76500660E-02   3.49306352E-02   2.71806866E-03
   99.0000000       0.00000000      0.300000012       10.5419998       9.35285378       2.50000000      0.821074963       2.68864655       4.81834126       4.34106445      0.900945842       4.40664721       3.68492079       7.02166510      0.411694199       7.02166462       6.18350744      0.656143188       6.18354177      0.914556921      0.848851919     k_33_5_10                                                                          9.81991179E-03   5.25925420E-02   1.74738578E-02   1.39530003E-03   1.04774702E-02   5.48425317E-02   2.20340360E-02   1.88040920E-03
   99.0000000       0.00000000      0.330000013       10.5419998       9.38039494       2.50000000      0.795490682       2.79889464       2.86788130       2.63654780      0.919336438       2.64790726       2.16423154       4.19183540      0.219974265       4.19183540       3.71865273      0.472316176       3.71867490      0.923297346      0.820858061     k_33_5_11                                                                          6.23300858E-03   3.24793644E-02   1.16299400E-02   1.00310892E-03   6.50804397E-03   3.26885059E-02   1.46113625E-02   1.35182030E-03
   99.0000000       0.00000000      0.360000014       10.5419998       9.41094494       2.50000000      0.769153178       2.91954708       1.79401064       1.67035484      0.931073010       1.57545352       1.24472284       2.58173776      0.218557015       2.58173752       2.29270840      0.425632089       2.29272366      0.878174007      0.745184660     k_33_5_12                                                                          4.13427316E-03   2.09270958E-02   8.13346822E-03   7.53285363E-04   4.28605126E-03   2.05607712E-02   1.01449657E-02   1.00745540E-03
   99.0000000       0.00000000      0.389999986       10.5419998       9.44477272       2.50000000      0.742219388       3.05125403       1.17048693       1.09899414      0.938920498      0.923173726      0.703022182       1.63207376      0.247313261       1.63207352       1.45050275      0.395971835       1.45050716      0.788709104      0.639696002     k_33_5_13                                                                          2.83808052E-03   1.40351448E-02   5.93785523E-03   5.84595371E-04   2.97145452E-03   1.35458540E-02   7.32925534E-03   7.74411019E-04
   99.0000000       0.00000000      0.419999987       10.5419998       9.48219585       2.50000000      0.714838207       3.19476318      0.789756954      0.738611221      0.935238659      0.529066205      0.385376096       1.05429006      0.260690689       1.05429006      0.931293786      0.353235155      0.931304872      0.669910133      0.521757722     k_33_5_14                                                                          2.00808235E-03   9.56888869E-03   4.47905855E-03   4.75001987E-04   2.15140847E-03   9.27045383E-03   5.46913221E-03   6.10016286E-04
   99.0000000       0.00000000      0.449999988       10.5419998       9.52359200       2.50000000      0.687146246       3.35095215      0.546255529      0.505857587      0.926045716      0.293337941      0.201827422      0.692924559      0.252917677      0.692924559      0.606769741      0.304030210      0.606772959      0.536997676      0.398980707     k_33_5_15                                                                          1.45230000E-03   6.67764619E-03   3.44126299E-03   3.88898654E-04   1.61342358E-03   6.53481763E-03   4.18245140E-03   4.88898717E-04
   99.0000000       0.00000000      0.479999989       10.5419998       9.56939793       2.50000000      0.659270525       3.52082825      0.384398222      0.350714505      0.912372887      0.154606760       9.86935943E-02  0.461701572      0.229791433      0.461701602      0.400059581      0.252020895      0.400063038      0.402204663      0.281407207     k_33_5_16                                                                          1.07490353E-03   4.74157091E-03   2.66998983E-03   3.20882769E-04   1.24450331E-03   4.71032783E-03   3.25584086E-03   3.96174146E-04
   99.0000000       0.00000000      0.509999990       10.5419998       9.62014008       2.50000000      0.631325841       3.70556569      0.273468167      0.245879650      0.899116158       7.47842416E-02   3.83157879E-02  0.310860276      0.198683888      0.310860276      0.265036762      0.207563832      0.265038252      0.273465991      0.155831471     k_33_5_17                                                                          7.97909044E-04   3.44476942E-03   2.08647712E-03   2.62922142E-04   9.81671619E-04   3.45124118E-03   2.56563933E-03   3.22906533E-04
   99.0000000       0.00000000      0.540000021       10.5419998       9.67644501       2.50000000      0.603413820       3.90653682      0.195694312      0.173354179      0.885841668       3.03707756E-02   5.80793014E-03  0.210879713      0.165323555      0.210879728      0.176257342      0.167546242      0.176258951      0.155194983       3.35032605E-02 k_33_5_18                                                                          5.99710620E-04   2.53766496E-03   1.63610850E-03   2.16623535E-04   7.88324978E-04   2.55860761E-03   2.03768746E-03   2.63637630E-04
   99.0000000       0.00000000      0.569999993       10.5419998       9.73906803       2.50000000      0.575626314       4.12533092      0.140325218      0.121634483      0.866804183       6.90537458E-03  -8.23830254E-03  0.143777907      0.133419827      0.143777907      0.117515065      0.129872799      0.117515594       4.92097922E-02  -6.77299947E-02 k_33_5_19                                                                          4.67942504E-04   1.85612543E-03   1.28782413E-03   1.74601155E-04   6.42371888E-04   1.91290746E-03   1.62600190E-03   2.14972359E-04
   99.0000000       0.00000000      0.600000024       10.5419998       9.80892086       2.50000000      0.548042715       4.36381388      0.100508220       8.50783288E-02  0.846481323      -4.44526877E-03  -1.28392093E-02   9.82855931E-02  0.104953483       9.82855931E-02   7.86586106E-02   9.79175419E-02   7.86588192E-02  -4.42279130E-02 -0.150910452     k_33_5_20                                                                          3.70898983E-04   1.36302062E-03   1.01194065E-03   1.39393669E-04   5.29737212E-04   1.43852481E-03   1.30035123E-03   1.74643297E-04
   99.0000000       0.00000000      0.629999995       10.5419998       9.88712406       2.50000000      0.520732164       4.62416935       7.17280433E-02   5.93587048E-02  0.827552259      -9.01752524E-03  -1.32201817E-02   6.72192797E-02   8.07455629E-02   6.72192797E-02   5.27485684E-02   7.25788772E-02   5.27486652E-02 -0.125718266     -0.222716808     k_33_5_21                                                                          3.01009626E-04   1.00256130E-03   7.96818524E-04   1.11160974E-04   4.41231066E-04   1.08609698E-03   1.04033144E-03   1.41105411E-04
   99.0000000       0.00000000      0.660000026       10.5419998       9.97505665       2.50000000      0.493753970       4.90897131       5.09682633E-02   4.12154086E-02  0.808648467      -1.00006238E-02  -1.10901827E-02   4.59679551E-02   6.09688945E-02   4.59679589E-02   3.56703401E-02   5.23055904E-02   3.56702879E-02 -0.196212769     -0.269078553     k_33_5_22                                                                          2.49932695E-04   7.36416143E-04   6.28381735E-04   8.86397320E-05   3.71138682E-04   8.23322218E-04   8.32680264E-04   1.13386224E-04
   99.0000000       0.00000000      0.689999998       10.5419998       10.0744419       2.50000000      0.467158318       5.22126341       3.59638780E-02   2.86121964E-02  0.795581520      -9.23590921E-03  -9.31904279E-03   3.13459225E-02   4.51997891E-02   3.13459225E-02   2.39526145E-02   3.79312374E-02   2.39527393E-02 -0.256810725     -0.325701773     k_33_5_23                                                                          2.10527098E-04   5.47070696E-04   4.97147557E-04   6.98032090E-05   3.14593985E-04   6.25484216E-04   6.65527652E-04   9.04374174E-05
   99.0000000       0.00000000      0.720000029       10.5419998       10.1874590       2.50000000      0.440987170       5.56466913       2.51785256E-02   1.98005382E-02  0.786405802      -7.76670920E-03  -7.62586575E-03   2.12951675E-02   3.29452306E-02   2.12951675E-02   1.59875751E-02   2.74264030E-02   1.59876328E-02 -0.308465600     -0.385134280     k_33_5_24                                                                          1.78801711E-04   4.10577515E-04   3.93215945E-04   5.47586969E-05   2.68677250E-04   4.76281915E-04   5.31220983E-04   7.15936185E-05
   99.0000000       0.00000000      0.750000000       10.5419998       10.3169022       2.50000000      0.415274858       5.94352770       1.74584817E-02   1.36264479E-02  0.780505896      -6.14673272E-03  -5.87542402E-03   1.43851135E-02   2.36052126E-02   1.43851135E-02   1.06887072E-02   1.95018686E-02   1.06887603E-02 -0.352077156     -0.431177974     k_33_5_25                                                                          1.54883834E-04   3.08915420E-04   3.11682728E-04   4.30350192E-05   2.30956415E-04   3.63250263E-04   4.23138932E-04   5.61977940E-05
   99.0000000       0.00000000      0.779999971       10.5419998       10.4664202       2.50000000      0.390048742       6.36307859       1.19880624E-02   9.31492541E-03  0.777016759      -4.65150457E-03  -4.38103732E-03   9.66230873E-03   1.66395679E-02   9.66230873E-03   7.12444074E-03   1.36959627E-02   7.12437369E-03 -0.388011366     -0.470324457     k_33_5_26                                                                          1.36033865E-04   2.33681203E-04   2.47526215E-04   3.34914293E-05   1.99998336E-04   2.77814310E-04   3.36739380E-04   4.37781346E-05
   99.0000000       0.00000000      0.810000002       10.5419998       10.6408625       2.50000000      0.365330398       6.82969713       8.12694523E-03   6.31074188E-03  0.776520789      -3.38977063E-03  -3.16104922E-03   6.43206062E-03   1.15167173E-02   6.43205969E-03   4.73023718E-03   9.47179087E-03   4.73019620E-03 -0.417102665     -0.500899792     k_33_5_27                                                                          1.20798679E-04   1.77613052E-04   1.96699417E-04   2.59172739E-05   1.74156841E-04   2.12736806E-04   2.67329684E-04   3.37801466E-05
   99.0000000       0.00000000      0.839999974       10.5419998       10.8468256       2.50000000      0.341135949       7.35121584       5.43947425E-03   4.24141902E-03  0.779747963      -2.38844915E-03  -2.21799244E-03   4.24524955E-03   7.82792363E-03   4.24524955E-03   3.13244388E-03   6.45941170E-03   3.13240150E-03 -0.439095587     -0.522936404     k_33_5_28                                                                          1.08415370E-04   1.36104514E-04   1.56895796E-04   1.99707683E-05   1.52763430E-04   1.63415083E-04   2.12126281E-04   2.58567161E-05
   99.0000000       0.00000000      0.870000005       10.5419998       11.0935316       2.50000000      0.317476749       7.93736029       3.58533207E-03   2.81755230E-03  0.785855353      -1.62873592E-03  -1.52238831E-03   2.77096406E-03   5.21406764E-03   2.77096359E-03   2.05634767E-03   4.33993991E-03   2.05636839E-03 -0.454277575     -0.540323019     k_33_5_29                                                                          9.81027333E-05   1.05021041E-04   1.25460836E-04   1.53144356E-05   1.34941380E-04   1.25893726E-04   1.68228464E-04   1.96197980E-05
   99.0000000       0.00000000      0.899999976       10.5419998       11.3942795       2.50000000      0.294360846       8.60033131       2.31918413E-03   1.84303150E-03  0.794689596      -1.07204041E-03  -1.01569691E-03   1.78316399E-03   3.39122443E-03   1.78316422E-03   1.33517582E-03   2.85872817E-03   1.33519003E-03 -0.462248951     -0.551101208     k_33_5_30                                                                          8.93054676E-05   8.15809035E-05   1.00497688E-04   1.16750052E-05   1.19995231E-04   9.72235430E-05   1.33309513E-04   1.47433566E-05
   99.0000000       0.00000000      0.930000007       10.5419998       11.7690573       2.50000000      0.271791726       9.35569096       1.46857242E-03   1.18091307E-03  0.804123163      -6.78839162E-04  -6.53371098E-04   1.12915284E-03   2.14741123E-03   1.12915284E-03   8.54226237E-04   1.83428405E-03   8.54228798E-04 -0.462244242     -0.553276181     k_33_5_31                                                                          8.19965353E-05   6.36183322E-05   8.06906610E-05   8.82858330E-06   1.07622320E-04   7.53821078E-05   1.05758896E-04   1.09826360E-05
   99.0000000       0.00000000      0.959999979       10.5419998       12.2493982       2.50000000      0.249770597       10.2235403       9.05624533E-04   7.37775292E-04  0.814659119      -4.10527195E-04  -4.01953323E-04   7.00361037E-04   1.31615170E-03   7.00360863E-04   5.36798383E-04   1.13972870E-03   5.36798849E-04 -0.453308374     -0.544818103     k_33_5_32                                                                          7.58782771E-05   4.99131020E-05   6.49745853E-05   6.63443279E-06   9.74609211E-05   5.87080649E-05   8.40820649E-05   8.10857455E-06
   99.0000000       0.00000000      0.990000010       10.5419998       12.8884163       2.50000000      0.228295699       11.2303429       5.40915993E-04   4.46564460E-04  0.825570822      -2.35247950E-04  -2.36858046E-04   4.23291989E-04   7.76163884E-04   4.23291989E-04   3.28137918E-04   6.83422550E-04   3.28132912E-04 -0.434906632     -0.530400574     k_33_5_33                                                                          7.10821914E-05   3.94652416E-05   5.26492659E-05   4.95079803E-06   8.94693221E-05   4.60643096E-05   6.72437091E-05   5.94684388E-06
   99.0000000       0.00000000       1.01999998       10.5419998       13.7837534       2.50000000      0.207363293       12.4116135       3.08540475E-04   2.58124201E-04  0.836597562      -1.24822196E-04  -1.30645611E-04   2.46129348E-04   4.33362700E-04   2.46129377E-04   1.92801395E-04   3.88769869E-04   1.92801468E-04 -0.404556960     -0.506134689     k_33_5_34                                                                          6.73562754E-05   3.14246754E-05   4.29103893E-05   3.67525627E-06   8.33261656E-05   3.63925938E-05   5.41185800E-05   4.32592788E-06
   99.0000000       0.00000000       1.04999995       10.5419998       15.1390753       2.50000000      0.186968178       13.8161430       1.64763609E-04   1.39458163E-04  0.846413612      -5.95459096E-05  -6.54979012E-05   1.34990652E-04   2.24309508E-04   1.34990638E-04   1.06709653E-04   2.04956043E-04   1.06708721E-04 -0.361402065     -0.469659865     k_33_5_35                                                                          6.49869326E-05   2.52358041E-05   3.53814976E-05   2.71456884E-06   7.92132923E-05   2.90694697E-05   4.40733638E-05   3.13057990E-06
   99.0000000       0.00000000       1.08000004       10.5419998       17.4739494       2.50000000      0.167102754       15.5129385       7.79241964E-05   6.65853440E-05  0.854488671      -2.34650506E-05  -2.78421339E-05   6.61916929E-05   1.01389262E-04   6.61916711E-05   5.26643780E-05   9.44274798E-05   5.26641743E-05 -0.301126629     -0.418142080     k_33_5_36                                                                          6.36143814E-05   2.03392992E-05   2.93628073E-05   1.98360885E-06   7.66831363E-05   2.33584615E-05   3.62026294E-05   2.23919960E-06
   99.0000000       0.00000000       1.11000001       10.5419998       22.7371254       2.50000000      0.147759214       17.6026649       2.85948499E-05   2.46737891E-05  0.862875283      -6.45465161E-06  -8.75473506E-06   2.53675244E-05   3.50494993E-05   2.53675171E-05   2.02965130E-05   3.34285214E-05   2.02963220E-05 -0.225727767     -0.354819238     k_33_5_37                                                                          6.44388056E-05   1.67120343E-05   2.50141275E-05   1.45921877E-06   7.69241597E-05   1.91422951E-05   3.04835612E-05   1.60174477E-06
   99.0000000       0.00000000       1.13999999       10.5419998       64.3801422       2.50000000      0.128928080       20.2384071       2.28708927E-06   1.99293936E-06  0.871386766      -2.99037424E-07  -5.51481207E-07   2.13757085E-06   2.58612727E-06   2.13757085E-06   1.71720603E-06   2.54442079E-06   1.71719182E-06 -0.130750224     -0.276717514     k_33_5_38                                                                          6.77304852E-05   1.39810691E-05   2.18970235E-05   1.07678215E-06   8.03748262E-05   1.59976935E-05   2.63988659E-05   1.14272689E-06
