 #! thr0[f,0]/ phr0[f,1]/ pr[f,2]/ ei[f,3]/ th_e[f,4]/ q2[f,5]/ x[f,6]/ plab[f,7]/ crs0[f,8]/ crs12[f,9]/  ratio[f,10]/ crs_ten0[f,11]/ crs_ten12[f,12]/  crs_pol0_-1[f,13]/ crs_pol0_0[f,14]/ crs_pol0_1[f,15]/ crs_pol12_-1[f,16]/ crs_pol12_0[f,17]/ crs_pol12_1[f,18]/ asym0[f,19]/ asym12[f,20]/ ID[s,21]/ w_l[f,22]/ w_t[f,23]/ w_lt[f,24]/ w_tt[f,25]/ w_l_pwia[f,26]/ w_t_pwia[f,27]/ w_lt_pwia[f,28]/ w_tt_pwia[f,29]/ 
   96.0000000       0.00000000       0.00000000       10.5419998       9.20506763       2.50000000      0.998312354       2.06901717       34069.1055       33290.8359      0.977156162     -0.255250871      -135.543137       34068.9766       34069.3633       34068.9766       33223.0703       33426.3828       33223.0703      -7.49215087E-06  -4.07148479E-03 k_32_5_0                                                                           71.1667023       461.116241      -1.20999443E-03  -3.05175781E-05   72.8767166       471.841400      -4.54193996E-31   0.00000000    
   96.0000000       0.00000000       2.99999993E-02   10.5419998       9.20937061       2.50000000      0.991931915       2.08784366       16872.9395       16333.6064      0.968035638       251.398529       152.479233       16998.6367       16621.5410       16998.6367       16409.8457       16181.1289       16409.8457       1.48995100E-02   9.33530740E-03 k_32_5_1                                                                           33.6936836       217.170044       8.30939293       7.73849487E-02   34.8665237       224.464905       8.45639420       7.83996582E-02
   96.0000000       0.00000000       5.99999987E-02   10.5419998       9.21537590       2.50000000      0.983176947       2.11402678       4476.12354       4215.50195      0.941775143       265.873840       212.414352       4609.06055       4210.24951       4609.06104       4321.70898       4003.08740       4321.70947       5.93982339E-02   5.03888652E-02 k_32_5_2                                                                           8.43753242       53.9591522       4.19916677       7.81764984E-02   8.99627876       57.4304810       4.34196329       8.02516937E-02
   96.0000000       0.00000000       9.00000036E-02   10.5419998       9.22311401       2.50000000      0.972145438       2.14761233       1279.92871       1153.07495      0.900889993       169.869492       139.597595       1364.86328       1110.05908       1364.86292       1222.87390       1013.47754       1222.87390      0.132717937      0.121065497     k_32_5_3                                                                           2.24862766       14.2369614       1.70450544       4.77471352E-02   2.51898789       15.9010201       1.81091440       4.99997139E-02
   96.0000000       0.00000000      0.119999997       10.5419998       9.23263741       2.50000000      0.958940625       2.18871617       431.615784       367.256561      0.850887716       100.557114       82.3292618       481.894348       331.058655       481.894348       408.421143       284.927307       408.421234      0.232978299      0.224173695     k_32_5_4                                                                          0.700717807       4.38177967      0.720320404       2.68881321E-02  0.837442040       5.21214390      0.795469642       2.91388035E-02
   96.0000000       0.00000000      0.150000006       10.5419998       9.24400616       2.50000000      0.943689525       2.23746586       166.617233       134.157196      0.805181980       59.3846703       48.1904259       196.309540       107.232574       196.309570       158.252365       85.9667511       158.252411      0.356413722      0.359208643     k_32_5_5                                                                          0.252526432       1.55283356      0.325796753       1.51805878E-02  0.320886433       1.96321964      0.376730829       1.71487331E-02
   96.0000000       0.00000000      0.180000007       10.5419998       9.25729465       2.50000000      0.926536679       2.29401350       71.3381348       55.4640694      0.777481377       35.4166603       28.6373672       89.0464706       35.9214821       89.0464706       69.7827072       26.8267002       69.7828140      0.496461809      0.516322851     k_32_5_6                                                                          0.104406565      0.628530979      0.157555431       8.74617696E-03  0.137316808      0.823235035      0.190831661       1.03528798E-02
   96.0000000       0.00000000      0.209999993       10.5419998       9.27258968       2.50000000      0.907634020       2.35856009       33.1786499       25.4903698      0.768276274       21.3204365       17.1357632       43.8388710       11.8582144       43.8388710       34.0582161       8.35460758       34.0582886      0.642595053      0.672244608     k_32_5_7                                                                           4.86154519E-02  0.286827534       8.08288231E-02   5.14498353E-03   6.42820895E-02  0.376376450      0.102541633       6.43922389E-03
   96.0000000       0.00000000      0.239999995       10.5419998       9.28998756       2.50000000      0.887156248       2.43130136       16.5610256       13.1382551      0.793323755       12.9137650       10.4136648       23.0179081       3.64725828       23.0179081       18.3450546       2.72459126       18.3451195      0.779768407      0.792621613     k_32_5_8                                                                           2.60092653E-02  0.149117783       4.46446203E-02   3.15481424E-03   3.25303301E-02  0.185356811       5.81812970E-02   4.13806736E-03
   96.0000000       0.00000000      0.270000011       10.5419998       9.30960274       2.50000000      0.865275919       2.51249528       8.81330967       7.38427448      0.837854862       7.84061384       6.32329988       12.7336178      0.972696245       12.7336178       10.5459146       1.06097400       10.5459337      0.889633298      0.856319726     k_32_5_9                                                                           1.52736846E-02   8.55826735E-02   2.63614524E-02   2.02974677E-03   1.76829807E-02   9.76822525E-02   3.47955264E-02   2.75582820E-03
   96.0000000       0.00000000      0.300000012       10.5419998       9.33157635       2.50000000      0.842164397       2.60246515       4.98006821       4.32675934      0.868815303       4.75430107       3.75369477       7.35721922      0.225766689       7.35721827       6.20359659      0.573063731       6.20361662      0.954665840      0.867553413     k_32_5_10                                                                          9.37873218E-03   5.10475188E-02   1.65014453E-02   1.35775842E-03   1.02857929E-02   5.48633114E-02   2.19165031E-02   1.90649927E-03
   96.0000000       0.00000000      0.330000013       10.5419998       9.35606098       2.50000000      0.817999065       2.70156050       2.97521067       2.79300833      0.938759863       2.86747694       2.26322484       4.40894938      0.107733339       4.40894938       3.92461681      0.529783070       3.92462444      0.963789523      0.810317993     k_32_5_11                                                                          6.35459367E-03   3.38564664E-02   1.12710753E-02   9.83072445E-04   6.37706835E-03   3.27020809E-02   1.45107219E-02   1.37059204E-03
   96.0000000       0.00000000      0.360000014       10.5419998       9.38324070       2.50000000      0.792951107       2.81020069       1.86841714       1.81139410      0.969480574       1.71275461       1.31405616       2.72479439      0.155662477       2.72479439       2.46842051      0.497337759       2.46842384      0.916687489      0.725439131     k_32_5_12                                                                          4.28541237E-03   2.23452970E-02   7.98753463E-03   7.44193792E-04   4.19134228E-03   2.05695797E-02   1.00583099E-02   1.02144293E-03
   96.0000000       0.00000000      0.389999986       10.5419998       9.41333008       2.50000000      0.767179966       2.92889953       1.22419262       1.18969238      0.971817970       1.00785577      0.730588555       1.72812045      0.216336876       1.72812045       1.55498445      0.459103853       1.55498886      0.823282003      0.614098728     k_32_5_13                                                                          2.92985281E-03   1.48224393E-02   5.85417543E-03   5.83548099E-04   2.89971428E-03   1.35531481E-02   7.25465314E-03   7.85266981E-04
   96.0000000       0.00000000      0.419999987       10.5419998       9.44657421       2.50000000      0.740845025       3.05821729      0.829474151      0.806610525      0.972436011      0.580042958      0.396653146       1.11949551      0.249431133       1.11949539       1.00493455      0.409957319       1.00493968      0.699289978      0.491753012     k_32_5_14                                                                          2.07917555E-03   1.01471338E-02   4.44584806E-03   4.74462751E-04   2.09394516E-03   9.27363709E-03   5.40242717E-03   6.18484337E-04
   96.0000000       0.00000000      0.449999988       10.5419998       9.48326683       2.50000000      0.714088738       3.19883847      0.576379716      0.552678287      0.958878815      0.323088586      0.202709168      0.737923920      0.253291130      0.737923920      0.654031575      0.349969119      0.654034257      0.560548127      0.366776079     k_32_5_15                                                                          1.49477739E-03   7.03188591E-03   3.41882301E-03   3.88224376E-04   1.56584126E-03   6.53622346E-03   4.12295759E-03   4.95687593E-04
   96.0000000       0.00000000      0.479999989       10.5419998       9.52374649       2.50000000      0.687047124       3.35153270      0.407602251      0.385182500      0.944995999      0.171129376       9.68644843E-02  0.493166894      0.236472920      0.493166983      0.433612764      0.288318038      0.433616668      0.419844031      0.251476854     k_32_5_16                                                                          1.10499724E-03   4.96947952E-03   2.67107063E-03   3.22188251E-04   1.20381010E-03   4.71033063E-03   3.20241065E-03   4.01675003E-04
   96.0000000       0.00000000      0.509999990       10.5419998       9.56840992       2.50000000      0.659843326       3.51719904      0.291517973      0.269294769      0.923767269       8.32164735E-02   3.32648419E-02  0.333126217      0.208301485      0.333126217      0.285925448      0.236029923      0.285928935      0.285459161      0.123525761     k_32_5_17                                                                          8.15222913E-04   3.54459835E-03   2.08938913E-03   2.70218123E-04   9.45923908E-04   3.45012126E-03   2.51747714E-03   3.27390735E-04
   96.0000000       0.00000000      0.540000021       10.5419998       9.61773300       2.50000000      0.632588029       3.69688249      0.209808990      0.189425796      0.902848780       3.39892991E-02   9.69742076E-04  0.226803631      0.175819665      0.226803631      0.189910471      0.188456044      0.189910859      0.162001163       5.11937728E-03 k_32_5_18                                                                          6.08798233E-04   2.57762428E-03   1.63166958E-03   2.19329610E-04   7.56217167E-04   2.55657639E-03   1.99421868E-03   2.67298426E-04
   96.0000000       0.00000000      0.569999993       10.5419998       9.67226982       2.50000000      0.605382442       3.89177585      0.151341900      0.134469897      0.888517320       7.78497662E-03  -1.32781025E-02  0.155234396      0.143556908      0.155234396      0.127830446      0.147748008      0.127831250       5.14396653E-02  -9.87440497E-02 k_32_5_19                                                                          4.65987861E-04   1.90394698E-03   1.28428859E-03   1.78756658E-04   6.12824690E-04   1.90960336E-03   1.58633629E-03   2.17894092E-04
   96.0000000       0.00000000      0.600000024       10.5419998       9.73269176       2.50000000      0.578314304       4.10327482      0.109169215       9.49376076E-02  0.869637191      -5.04009333E-03  -1.79696679E-02  0.106649168      0.114209332      0.106649190       8.59525949E-02  0.112907268       8.59529302E-02  -4.61677164E-02 -0.189278707     k_32_5_20                                                                          3.63404688E-04   1.40339753E-03   1.00827066E-03   1.43921352E-04   5.02466748E-04   1.43520476E-03   1.26505375E-03   1.77068170E-04
   96.0000000       0.00000000      0.629999995       10.5419998       9.79980278       2.50000000      0.551460087       4.33300734       7.85096437E-02   6.64755031E-02  0.846717656      -1.03068408E-02  -1.74152981E-02   7.33562261E-02   8.88164863E-02   7.33562261E-02   5.77677712E-02   8.38907957E-02   5.77679314E-02 -0.131281212     -0.261980683     k_32_5_21                                                                          2.90039839E-04   1.02733739E-03   7.89117359E-04   1.14391296E-04   4.15698887E-04   1.08259881E-03   1.00887334E-03   1.43096346E-04
   96.0000000       0.00000000      0.660000026       10.5419998       9.87457466       2.50000000      0.524887741       4.58284712       5.62402569E-02   4.64449190E-02  0.825830519      -1.15175191E-02  -1.49958832E-02   5.04815020E-02   6.77577779E-02   5.04815020E-02   3.89470272E-02   6.14408031E-02   3.89469415E-02 -0.204791367     -0.322874576     k_32_5_22                                                                          2.35589541E-04   7.55208603E-04   6.17447251E-04   9.07753129E-05   3.46823130E-04   8.19348905E-04   8.04362120E-04   1.14970200E-04
   96.0000000       0.00000000      0.689999998       10.5419998       9.95819855       2.50000000      0.498653799       4.85500240       4.00450416E-02   3.21442522E-02  0.802702427      -1.07350247E-02  -1.17443977E-02   3.46775316E-02   5.07800691E-02   3.46775316E-02   2.62720231E-02   4.38886546E-02   2.62720902E-02 -0.268073767     -0.365365416     k_32_5_23                                                                          1.94389009E-04   5.53259626E-04   4.80452029E-04   7.08215812E-05   2.91282340E-04   6.21252810E-04   6.40179554E-04   9.16932186E-05
   96.0000000       0.00000000      0.720000029       10.5419998       10.0521393       2.50000000      0.472807527       5.15204477       2.83241663E-02   2.24103462E-02  0.791209400      -9.12020449E-03  -9.05490667E-03   2.37640664E-02   3.74443717E-02   2.37640664E-02   1.78828705E-02   3.14652510E-02   1.78829152E-02 -0.321993738     -0.404050291     k_32_5_24                                                                          1.65179023E-04   4.10266191E-04   3.78973549E-04   5.57187013E-05   2.46195938E-04   4.71953186E-04   5.08639961E-04   7.25879072E-05
   96.0000000       0.00000000      0.750000000       10.5419998       10.1582327       2.50000000      0.447388560       5.47702169       1.98695362E-02   1.54998507E-02  0.780081153      -7.30335759E-03  -7.08572287E-03   1.62178576E-02   2.71728970E-02   1.62178576E-02   1.19570084E-02   2.25855727E-02   1.19569693E-02 -0.367565572     -0.457147807     k_32_5_25                                                                          1.39255266E-04   3.06837959E-04   2.96571379E-04   4.32848174E-05   2.09175050E-04   3.58938385E-04   4.03112062E-04   5.69835247E-05
   96.0000000       0.00000000      0.779999971       10.5419998       10.2787924       2.50000000      0.422429711       5.83353853       1.38230696E-02   1.07115125E-02  0.774901152      -5.59873367E-03  -5.32770110E-03   1.10237049E-02   1.94218010E-02   1.10237040E-02   8.04766547E-03   1.60392132E-02   8.04765895E-03 -0.405028254     -0.497380853     k_32_5_26                                                                          1.20025667E-04   2.31028374E-04   2.33439903E-04   3.37217789E-05   1.78730654E-04   2.73515761E-04   3.18928272E-04   4.43861136E-05
   96.0000000       0.00000000      0.810000002       10.5419998       10.4167919       2.50000000      0.397957534       6.22588968       9.51415859E-03   7.33887358E-03  0.771363378      -4.14241944E-03  -3.86273977E-03   7.44294701E-03   1.36565771E-02   7.44294701E-03   5.40748471E-03   1.12016136E-02   5.40752430E-03 -0.435395241     -0.526339591     k_32_5_27                                                                          1.04416613E-04   1.74274523E-04   1.83526223E-04   2.60141460E-05   1.53324509E-04   2.08541009E-04   2.51548219E-04   3.42491694E-05
   96.0000000       0.00000000      0.839999974       10.5419998       10.5761051       2.50000000      0.373992026       6.65924406       6.48182631E-03   4.99665877E-03  0.770872056      -2.97096465E-03  -2.74619460E-03   4.99634445E-03   9.45279282E-03   4.99634538E-03   3.62353656E-03   7.74285290E-03   3.62358708E-03 -0.458353013     -0.549606204     k_32_5_28                                                                          9.17246798E-05   1.32365240E-04   1.44494581E-04   1.99206625E-05   1.32240137E-04   1.59359261E-04   1.98135036E-04   2.62157555E-05
   96.0000000       0.00000000      0.870000005       10.5419998       10.7618885       2.50000000      0.350548178       7.13985634       4.36321413E-03   3.37502640E-03  0.773518384      -2.06903811E-03  -1.90439692E-03   3.32869473E-03   6.43225107E-03   3.32869473E-03   2.42285011E-03   5.27942320E-03   2.42280541E-03 -0.474200457     -0.564261317     k_32_5_29                                                                          8.12276994E-05   1.01095313E-04   1.14027767E-04   1.51840322E-05   1.14607908E-04   1.22004996E-04   1.55810019E-04   1.98921553E-05
   96.0000000       0.00000000      0.899999976       10.5419998       10.9811535       2.50000000      0.327637494       7.67534494       2.89516011E-03   2.25684792E-03  0.779524386      -1.39697711E-03  -1.28751260E-03   2.19667167E-03   4.29213699E-03   2.19667144E-03   1.61310670E-03   3.54436063E-03   1.61307713E-03 -0.482521534     -0.570491493     k_32_5_30                                                                          7.23683261E-05   7.76307425E-05   9.01713938E-05   1.15300099E-05   9.97390307E-05   9.35233038E-05   1.22271711E-04   1.49480693E-05
   96.0000000       0.00000000      0.930000007       10.5419998       11.2437086       2.50000000      0.305265814       8.27514839       1.89203315E-03   1.48897280E-03  0.786969721      -9.12936986E-04  -8.52536468E-04   1.43556448E-03   2.80496990E-03   1.43556448E-03   1.06270157E-03   2.34150956E-03   1.06270774E-03 -0.482516378     -0.572566867     k_32_5_31                                                                          6.47326378E-05   5.99152481E-05   7.13690897E-05   8.68515963E-06   8.72852252E-05   7.18773954E-05   9.59082463E-05   1.11350892E-05
   96.0000000       0.00000000      0.959999979       10.5419998       11.5637169       2.50000000      0.283436626       8.95101452       1.21461472E-03   9.67474072E-04  0.796527565      -5.74742269E-04  -5.47634962E-04   9.27243615E-04   1.78935705E-03   9.27243673E-04   6.93653419E-04   1.51510909E-03   6.93659706E-04 -0.473188967     -0.566046119     k_32_5_32                                                                          5.82698376E-05   4.64849982E-05   5.66388044E-05   6.51705705E-06   7.68534373E-05   5.53993377E-05   7.52413398E-05   8.22119182E-06
   96.0000000       0.00000000      0.990000010       10.5419998       11.9624681       2.50000000      0.262150198       9.71780586       7.64792261E-04   6.17122801E-04  0.806915581      -3.47059598E-04  -3.40284430E-04   5.91262477E-04   1.11185177E-03   5.91262477E-04   4.46981401E-04   9.57407290E-04   4.46979742E-04 -0.453795910     -0.551404715     k_32_5_33                                                                          5.28090495E-05   3.62791106E-05   4.51156993E-05   4.89091690E-06   6.82768150E-05   4.29234096E-05   5.92086762E-05   6.02750879E-06
   96.0000000       0.00000000       1.01999998       10.5419998       12.4736252       2.50000000      0.241404131       10.5945702       4.69716091E-04   3.83203034E-04  0.815818429      -1.98360809E-04  -2.00753711E-04   3.70535650E-04   6.68076857E-04   3.70535738E-04   2.82828987E-04   5.83956717E-04   2.82823312E-04 -0.422299355     -0.523883402     k_32_5_34                                                                          4.82869509E-05   2.83958580E-05   3.60447229E-05   3.60855120E-06   6.12478543E-05   3.34323086E-05   4.67670179E-05   4.38598636E-06
   96.0000000       0.00000000       1.04999995       10.5419998       13.1540051       2.50000000      0.221194535       11.6061020       2.79812113E-04   2.31091486E-04  0.825880945      -1.05559644E-04  -1.11740257E-04   2.27032302E-04   3.85371735E-04   2.27032258E-04   1.75223453E-04   3.42831743E-04   1.75219262E-04 -0.377251863     -0.483532548     k_32_5_35                                                                          4.46052763E-05   2.24330579E-05   2.90608750E-05   2.66544976E-06   5.56846790E-05   2.62482645E-05   3.72113791E-05   3.17405102E-06
   96.0000000       0.00000000       1.08000004       10.5419998       14.1085033       2.50000000      0.201514661       12.7853870       1.58644601E-04   1.32467670E-04  0.834996402      -4.98671907E-05  -5.66244089E-05   1.33711030E-04   2.08511803E-04   1.33711015E-04   1.04155610E-04   1.89092054E-04   1.04155297E-04 -0.314332724     -0.427458316     k_32_5_36                                                                          4.14709248E-05   1.77485781E-05   2.34698564E-05   1.94852964E-06   5.11067883E-05   2.06612749E-05   2.96990474E-05   2.27030705E-06
   96.0000000       0.00000000       1.11000001       10.5419998       15.5572605       2.50000000      0.182357550       14.1770830       8.45786926E-05   7.12979454E-05  0.842977643      -1.98513462E-05  -2.55208179E-05   7.46530204E-05   1.04430037E-04   7.46530131E-05   5.85368107E-05   9.68187669E-05   5.85382622E-05 -0.234708592     -0.357946038     k_32_5_37                                                                          3.93102164E-05   1.42287226E-05   1.92611515E-05   1.42789213E-06   4.80201998E-05   1.65058336E-05   2.41024682E-05   1.62303331E-06
   96.0000000       0.00000000       1.13999999       10.5419998       18.0684452       2.50000000      0.163714245       15.8433895       4.02314145E-05   3.41291234E-05  0.848320246      -5.42341922E-06  -9.39164511E-06   3.75197014E-05   4.56548296E-05   3.75197014E-05   2.94331712E-05   4.35207658E-05   2.94334222E-05 -0.134805575     -0.275179803     k_32_5_38                                                                          3.81177160E-05   1.15306284E-05   1.60441796E-05   1.04545825E-06   4.62796743E-05   1.33744761E-05   1.99146962E-05   1.15745297E-06
   96.0000000       0.00000000       1.16999996       10.5419998       23.8329468       2.50000000      0.145575002       17.8734684       1.46976645E-05   1.24863191E-05  0.849544406      -3.19836545E-07  -2.23433790E-06   1.45377408E-05   1.50175001E-05   1.45377489E-05   1.13692022E-05   1.47206565E-05   1.13690976E-05  -2.17610449E-02 -0.178942874     k_32_5_39                                                                          3.81070022E-05   9.47179797E-06   1.36847084E-05   7.64498964E-07   4.61295567E-05   1.10469991E-05   1.68764072E-05   8.26038104E-07
   96.0000000       0.00000000       1.20000005       10.5419998       85.6826630       2.50000000      0.127929270       20.3998528       8.06155128E-07   6.83448775E-07  0.847788155       9.63841913E-08  -3.95172464E-08   8.54346695E-07   7.09770973E-07   8.54347718E-07   6.63692731E-07   7.22965979E-07   6.63687445E-07  0.119560353      -5.78203499E-02 k_32_5_40                                                                          3.92498041E-05   7.88256784E-06   1.19345514E-05   5.59106411E-07   4.76761452E-05   9.28314876E-06   1.46857319E-05   5.87376235E-07
