 #! thr0[f,0]/ phr0[f,1]/ pr[f,2]/ ei[f,3]/ th_e[f,4]/ q2[f,5]/ x[f,6]/ plab[f,7]/ crs0[f,8]/ crs12[f,9]/  ratio[f,10]/ crs_ten0[f,11]/ crs_ten12[f,12]/  crs_pol0_-1[f,13]/ crs_pol0_0[f,14]/ crs_pol0_1[f,15]/ crs_pol12_-1[f,16]/ crs_pol12_0[f,17]/ crs_pol12_1[f,18]/ asym0[f,19]/ asym12[f,20]/ ID[s,21]/ w_l[f,22]/ w_t[f,23]/ w_lt[f,24]/ w_tt[f,25]/ w_l_pwia[f,26]/ w_t_pwia[f,27]/ w_lt_pwia[f,28]/ w_tt_pwia[f,29]/ 
   99.0000000       0.00000000       0.00000000       10.5419998       19.1900024       7.59999990      0.998779595       4.90330029       160.339371       156.579102      0.976548076      -1.20575563E-03 -0.595673144       160.338760       160.340546       160.338760       156.281281       157.174774       156.281281      -7.52002234E-06  -3.80429532E-03 k_33_56_0                                                                          2.92326689       31.1932869       1.71172956E-04  -1.14440918E-05   2.99478579       31.9418564      -2.39558696E-32   0.00000000    
   99.0000000       0.00000000       2.99999993E-02   10.5419998       19.2315922       7.59999990      0.991986930       4.95980072       77.4833527       75.2769394      0.971524060       1.10596955      0.704948008       78.0363388       76.3774033       78.0363388       75.6294098       74.5719910       75.6294098       1.42736407E-02   9.36472695E-03 k_33_56_1                                                                          1.39714301       14.7570906      0.503144205       2.49385834E-03   1.43962622       15.1954422      0.511214495       2.54201889E-03
   99.0000000       0.00000000       5.99999987E-02   10.5419998       19.2830353       7.59999990      0.983771682       5.02914667       20.0648670       18.9466476      0.944269776       1.14174545      0.922393739       20.6357441       18.9231243       20.6357346       19.4078445       18.0242538       19.4078426       5.69027178E-02   4.86837439E-02 k_33_56_2                                                                         0.352034628       3.66494036      0.255064130       2.53927708E-03  0.373848796       3.88769150      0.263064891       2.60269642E-03
   99.0000000       0.00000000       9.00000036E-02   10.5419998       19.3451424       7.59999990      0.974117160       5.11209297       5.60173607       5.04570627      0.900739729      0.712215841      0.585916102       5.95784426       4.88951969       5.95784426       5.33866453       4.45979023       5.33866453      0.127141982      0.116121724     k_33_56_3                                                                          9.45491195E-02  0.965318263      0.103576787       1.54393911E-03  0.105530240       1.07635546      0.109978460       1.62130594E-03
   99.0000000       0.00000000      0.119999997       10.5419998       19.4183960       7.59999990      0.963086367       5.20884562       1.84444463       1.57679594      0.854889274      0.411661476      0.337252200       2.05027533       1.43278325       2.05027556       1.74542177       1.23954403       1.74542248      0.223189935      0.213884488     k_33_56_4                                                                          3.00248154E-02  0.299156010       4.40208726E-02   8.71852040E-04   3.54326628E-02  0.352784932       4.84314002E-02   9.44897532E-04
   99.0000000       0.00000000      0.150000006       10.5419998       19.5036259       7.59999990      0.950712562       5.31997871      0.695133090      0.562378347      0.809022546      0.237345845      0.191437721      0.813805878      0.457787216      0.813805878      0.658097148      0.370940536      0.658097148      0.341439426      0.340407342     k_33_56_5                                                                          1.10580679E-02  0.106110185       2.00472735E-02   4.94439155E-04   1.37379030E-02  0.132862315       2.29977369E-02   5.56126237E-04
   99.0000000       0.00000000      0.180000007       10.5419998       19.6017151       7.59999990      0.937050879       5.44600439      0.290483356      0.222241253      0.765073955      0.138154924      0.109115303      0.359560847      0.152328432      0.359560758      0.276798934      0.113125943      0.276798844      0.475603580      0.490976810     k_33_56_6                                                                          4.55058552E-03   4.19164635E-02   9.66606382E-03   2.82336026E-04   5.96061023E-03   5.57009391E-02   1.16816256E-02   3.35719436E-04
   99.0000000       0.00000000      0.209999993       10.5419998       19.7137775       7.59999990      0.922152817       5.58759117      0.131793424       9.74359512E-02  0.739308119       8.11316669E-02   6.29066080E-02  0.172359288       5.06617650E-02  0.172359258      0.128889203       3.45293432E-02  0.128889292      0.615597248      0.645620108     k_33_56_7                                                                          2.10949802E-03   1.85278431E-02   4.95481677E-03   1.66022219E-04   2.83518038E-03   2.54577175E-02   6.29488612E-03   2.08807178E-04
   99.0000000       0.00000000      0.239999995       10.5419998       19.8410912       7.59999990      0.906082153       5.74542665       6.41284809E-02   4.67590652E-02  0.729146600       4.79044579E-02   3.62941809E-02   8.80807191E-02   1.62240192E-02   8.80807191E-02   6.49061427E-02   1.04648909E-02   6.49061799E-02  0.747007549      0.776195586     k_33_56_8                                                                          1.08723040E-03   9.05242190E-03   2.69179861E-03   1.01067591E-04   1.46106863E-03   1.25315655E-02   3.58204707E-03   1.34189148E-04
   99.0000000       0.00000000      0.270000011       10.5419998       19.9851875       7.59999990      0.888904810       5.92031050       3.32374088E-02   2.50157677E-02  0.752638936       2.83267982E-02   2.11822558E-02   4.74008173E-02   4.91061108E-03   4.74008024E-02   3.56068835E-02   3.83351743E-03   3.56069133E-02  0.852256536      0.846756160     k_33_56_9                                                                          6.31385366E-04   4.99337818E-03   1.58345990E-03   6.05538953E-05   8.10630678E-04   6.59990683E-03   2.14853208E-03   8.93648248E-05
   99.0000000       0.00000000      0.300000012       10.5419998       20.1479397       7.59999990      0.870685935       6.11319256       1.82697903E-02   1.41932471E-02  0.776869714       1.67087596E-02   1.21154785E-02   2.66241711E-02   1.56102807E-03   2.66241711E-02   2.02509835E-02   2.07776949E-03   2.02509873E-02  0.914556742      0.853608668     k_33_56_10                                                                         3.87294480E-04   2.93761957E-03   9.83286416E-04   4.33117384E-05   4.82376781E-04   3.70370364E-03   1.35722873E-03   6.18244521E-05
   99.0000000       0.00000000      0.330000013       10.5419998       20.3315868       7.59999990      0.851494253       6.32513714       1.06021147E-02   8.51603318E-03  0.803239107       9.78890341E-03   6.68894174E-03   1.54965669E-02   8.13211023E-04   1.54965669E-02   1.18604917E-02   1.82709028E-03   1.18605141E-02  0.923297226      0.785452783     k_33_56_11                                                                         2.39256333E-04   1.85207615E-03   6.36233308E-04   3.11725307E-05   3.06631206E-04   2.20522471E-03   9.01178340E-04   4.44451580E-05
   99.0000000       0.00000000      0.360000014       10.5419998       20.5388069       7.59999990      0.831403375       6.55732203       6.45597698E-03   5.08230878E-03  0.787225366       5.66947134E-03   3.32012586E-03   9.29071382E-03   7.86505349E-04   9.29071382E-03   6.74236193E-03   1.76218257E-03   6.74238242E-03  0.878174007      0.653271198     k_33_56_12                                                                         1.58732917E-04   1.15035148E-03   4.34648420E-04   1.33685535E-05   2.07062301E-04   1.38515444E-03   6.26389286E-04   3.31232441E-05
   99.0000000       0.00000000      0.389999986       10.5419998       20.7729168       7.59999990      0.810483694       6.81112909       4.09247400E-03   3.35386652E-03  0.819520533       3.22777149E-03   1.68535952E-03   5.70636056E-03   8.64702743E-04   5.70636056E-03   4.19653812E-03   1.66850700E-03   4.19655535E-03  0.788709104      0.502512395     k_33_56_13                                                                         1.15685980E-04   7.86407036E-04   3.26819398E-04   1.77770562E-05   1.47437953E-04   9.10972711E-04   4.52913984E-04   2.54611659E-05
   99.0000000       0.00000000      0.419999987       10.5419998       21.0380039       7.59999990      0.788804591       7.08815384       2.67679780E-03   2.30529392E-03  0.861213326       1.79321424E-03   8.41591391E-04   3.57340532E-03   8.83583562E-04   3.57340486E-03   2.72608269E-03   1.46370253E-03   2.72609643E-03  0.669910252      0.365069032     k_33_56_14                                                                         8.56807455E-05   5.69597818E-04   2.54163606E-04   1.46249658E-05   1.09777706E-04   6.22094027E-04   3.38142418E-04   2.00562063E-05
   99.0000000       0.00000000      0.449999988       10.5419998       21.3391323       7.59999990      0.766437173       7.39018774       1.79003563E-03   1.59214681E-03  0.889449775       9.61244630E-04   3.76484386E-04   2.27065780E-03   8.28790944E-04   2.27065803E-03   1.78038410E-03   1.21566234E-03   1.78039377E-03  0.536997497      0.236463353     k_33_56_15                                                                         6.53130191E-05   4.17063420E-04   1.99140486E-04   1.20898476E-05   8.47320334E-05   4.37354582E-04   2.58625980E-04   1.60740747E-05
   99.0000000       0.00000000      0.479999989       10.5419998       21.6827049       7.59999990      0.743449032       7.71931696       1.21399038E-03   1.09894667E-03  0.905235052       4.88272577E-04   1.35265407E-04   1.45812635E-03   7.25717633E-04   1.45812647E-03   1.16658013E-03   9.63681377E-04   1.16657885E-03  0.402204663      0.123086415     k_33_56_16                                                                         5.02331277E-05   3.06601374E-04   1.57661678E-04   1.01034821E-05   6.72875176E-05   3.14239645E-04   2.01266346E-04   1.30255212E-05
   99.0000000       0.00000000      0.509999990       10.5419998       22.0768623       7.59999990      0.719908595       8.07790565       8.29225755E-04   7.53295666E-04  0.908432543       2.26765027E-04   1.70687308E-05   9.42608400E-04   6.02460699E-04   9.42608342E-04   7.61829084E-04   7.36226968E-04   7.61831063E-04  0.273465961       2.26587411E-02 k_33_56_17                                                                         3.92809634E-05   2.25240423E-04   1.25026141E-04   8.37105472E-06   5.46302799E-05   2.29368263E-04   1.58470051E-04   1.06165826E-05
   99.0000000       0.00000000      0.540000021       10.5419998       22.5322361       7.59999990      0.695878208       8.46874046       5.67173876E-04   5.11422055E-04  0.901702404       8.80225343E-05  -3.38702739E-05   6.11185213E-04   4.79151378E-04   6.11185096E-04   4.94487002E-04   5.45292336E-04   4.94486769E-04  0.155194968      -6.62276372E-02 k_33_56_18                                                                         3.12064876E-05   1.65270874E-04   9.88494357E-05   6.87206921E-06   4.51175583E-05   1.69287567E-04   1.25684062E-04   8.66790651E-06
   99.0000000       0.00000000      0.569999993       10.5419998       23.0628242       7.59999990      0.671420872       8.89499664       3.86620261E-04   3.43808992E-04  0.889267921       1.90254959E-05  -5.00509923E-05   3.96133051E-04   3.67594766E-04   3.96132993E-04   3.18782579E-04   3.93860013E-04   3.18784441E-04   4.92097735E-02 -0.145577908     k_33_56_19                                                                         2.52378250E-05   1.21233839E-04   7.80452392E-05   5.58959800E-06   3.77578726E-05   1.25913823E-04   1.00085876E-04   7.06789069E-06
   99.0000000       0.00000000      0.600000024       10.5419998       23.6876297       7.59999990      0.646593988       9.36041832       2.61500449E-04   2.28226345E-04  0.872757018      -1.15656330E-05  -4.97411347E-05   2.55717605E-04   2.73066049E-04   2.55717605E-04   2.03355608E-04   2.77967454E-04   2.03355972E-04  -4.42279652E-02 -0.217946514     k_33_56_20                                                                         2.07092708E-05   8.88835129E-05   6.13409939E-05   4.51104279E-06   3.19190440E-05   9.41299877E-05   7.98189503E-05   5.74194564E-06
   99.0000000       0.00000000      0.629999995       10.5419998       24.4329929       7.59999990      0.621453643       9.86934471       1.74788205E-04   1.49325977E-04  0.854325235      -2.19740832E-05  -4.25125472E-05   1.63801160E-04   1.96762281E-04   1.63801174E-04   1.28069427E-04   1.91838539E-04   1.28069994E-04 -0.125718340     -0.284696251     k_33_56_21                                                                         1.72908876E-05   6.51260125E-05   4.80650051E-05   3.58972466E-06   2.71910740E-05   7.05946950E-05   6.36305849E-05   4.63928154E-06
   99.0000000       0.00000000      0.660000026       10.5419998       25.3367367       7.59999990      0.596051753       10.4269028       1.15124880E-04   9.62340273E-05  0.835909903      -2.25889780E-05  -3.30689145E-05   1.03830396E-04   1.37713883E-04   1.03830404E-04   7.96995955E-05   1.29302949E-04   7.96995519E-05 -0.196212828     -0.343630165     k_33_56_22                                                                         1.46696339E-05   4.77879512E-05   3.76170428E-05   2.84670932E-06   2.33300798E-05   5.31146725E-05   5.07037948E-05   3.72793875E-06
   99.0000000       0.00000000      0.689999998       10.5419998       26.4552650       7.59999990      0.570437372       11.0391302       7.42973352E-05   6.07435541E-05  0.817573786      -1.90803530E-05  -2.43365994E-05   6.47571505E-05   9.33776755E-05   6.47571578E-05   4.85752498E-05   8.50801443E-05   4.85752462E-05 -0.256810725     -0.400644958     k_33_56_23                                                                         1.25937850E-05   3.50666160E-05   2.93419307E-05   2.22693961E-06   2.01135808E-05   4.00173958E-05   4.03071499E-05   2.97342194E-06
   99.0000000       0.00000000      0.720000029       10.5419998       27.8770924       7.59999990      0.544655919       11.7132187       4.67353639E-05   3.74090960E-05  0.800445139      -1.44162505E-05  -1.68372680E-05   3.95272327E-05   6.11516080E-05   3.95272327E-05   2.89904419E-05   5.42463713E-05   2.89904820E-05 -0.308465570     -0.450084865     k_33_56_24                                                                         1.09336388E-05   2.57601732E-05   2.28478457E-05   1.73839362E-06   1.74179149E-05   3.01946784E-05   3.19661813E-05   2.35386324E-06
   99.0000000       0.00000000      0.750000000       10.5419998       29.7503338       7.59999990      0.518750429       12.4577522       2.84081652E-05   2.23378192E-05  0.786316872      -1.00018660E-05  -1.10620285E-05   2.34072322E-05   3.84100349E-05   2.34072322E-05   1.68067818E-05   3.33998432E-05   1.68068254E-05 -0.352077156     -0.495215237     k_33_56_25                                                                         9.58473447E-06   1.89878374E-05   1.77755301E-05   1.34499533E-06   1.51342520E-05   2.28016470E-05   2.52700811E-05   1.84767850E-06
   99.0000000       0.00000000      0.779999971       10.5419998       32.3460579       7.59999990      0.492759794       13.2831078       1.64956964E-05   1.28123174E-05  0.776706696      -6.40051985E-06  -6.82529299E-06   1.32954374E-05   2.28962163E-05   1.32954410E-05   9.39963229E-06   1.96376095E-05   9.39970596E-06 -0.388011485     -0.532713413     k_33_56_26                                                                         8.48061336E-06   1.40925822E-05   1.38568566E-05   1.03545835E-06   1.32059022E-05   1.72539239E-05   1.99338210E-05   1.43934449E-06
   99.0000000       0.00000000      0.810000002       10.5419998       36.2281952       7.59999990      0.466720164       14.2019062       8.93106699E-06   6.88273531E-06  0.770650983      -3.72517184E-06  -3.88300350E-06   7.06848186E-06   1.26562409E-05   7.06848186E-06   4.94121332E-06   1.07657388E-05   4.94125288E-06 -0.417102665     -0.564165771     k_33_56_27                                                                         7.54676557E-06   1.05021954E-05   1.07936430E-05   7.94630523E-07   1.15524117E-05   1.30634762E-05   1.56651386E-05   1.11063082E-06
   99.0000000       0.00000000      0.839999974       10.5419998       42.8387222       7.59999990      0.440665036       15.2296305       4.30403497E-06   3.31155229E-06  0.769406438      -1.88988281E-06  -1.94635390E-06   3.35909363E-06   6.19391813E-06   3.35909363E-06   2.33838227E-06   5.25790620E-06   2.33836931E-06 -0.439095587     -0.587746680     k_33_56_28                                                                         6.76414265E-06   7.88677971E-06   8.42762802E-06   6.06926278E-07   1.01502073E-05   9.91587967E-06   1.22865340E-05   8.50120159E-07
   99.0000000       0.00000000      0.870000005       10.5419998       57.6961517       7.59999990      0.414624631       16.3855171       1.60322975E-06   1.23771531E-06  0.772013664      -7.28311420E-07  -7.43218664E-07   1.23907398E-06   2.33154128E-06   1.23907398E-06   8.66104017E-07   1.98093448E-06   8.66107939E-07 -0.454277635     -0.600476265     k_33_56_29                                                                         6.09863991E-06   5.95352185E-06   6.58474983E-06   4.61071522E-07   8.95648554E-06   7.54494067E-06   9.61569367E-06   6.45059799E-07
