 #! thr0[f,0]/ phr0[f,1]/ pr[f,2]/ ei[f,3]/ th_e[f,4]/ q2[f,5]/ x[f,6]/ plab[f,7]/ crs0[f,8]/ crs12[f,9]/  ratio[f,10]/ crs_ten0[f,11]/ crs_ten12[f,12]/  crs_pol0_-1[f,13]/ crs_pol0_0[f,14]/ crs_pol0_1[f,15]/ crs_pol12_-1[f,16]/ crs_pol12_0[f,17]/ crs_pol12_1[f,18]/ asym0[f,19]/ asym12[f,20]/ ID[s,21]/ w_l[f,22]/ w_t[f,23]/ w_lt[f,24]/ w_tt[f,25]/ w_l_pwia[f,26]/ w_t_pwia[f,27]/ w_lt_pwia[f,28]/ w_tt_pwia[f,29]/ 
   99.0000000       0.00000000       0.00000000       10.5419998       13.3388491       4.59999990      0.998630166       3.25965571       2136.18579       2088.83667      0.977834761      -1.60331652E-02  -7.83132124       2136.17773       2136.20190       2136.17773       2084.92065       2096.66772       2084.92090      -7.50551044E-06  -3.74913053E-03 k_33_26_0                                                                          12.8239193       113.392136       4.39453637E-04   1.52587891E-05   13.1218414       115.957169      -9.55421825E-32   0.00000000    
   99.0000000       0.00000000       2.99999993E-02   10.5419998       13.3542948       4.59999990      0.991115510       3.29835248       1044.09973       1011.02856      0.968325675       14.9031477       9.19253254       1051.55151       1029.19666       1051.55151       1015.62494       1001.83600       1015.62476       1.42736826E-02   9.09225829E-03 k_33_26_1                                                                          6.09194517       53.3882294       1.88957882       1.28421783E-02   6.30093098       55.1625214       1.92291999       1.30958557E-02
   99.0000000       0.00000000       5.99999987E-02   10.5419998       13.3737030       4.59999990      0.981866598       3.34674573       273.467957       257.762421      0.942569017       15.5610733       12.5046597       281.248444       257.906830       281.248474       264.014771       245.257751       264.014771       5.69027290E-02   4.85123470E-02 k_33_26_2                                                                          1.53349030       13.2759809      0.957077205       1.30720139E-02   1.63317645       14.1130629      0.989074409       1.34124756E-02
   99.0000000       0.00000000       9.00000036E-02   10.5419998       13.3972006       4.59999990      0.970950782       3.40497947       77.2311707       69.6429367      0.901746511       9.81932163       8.09475040       82.1408386       67.4118500       82.1408386       73.6903000       61.5481796       73.6903076      0.127141953      0.116232179     k_33_26_3                                                                         0.411534697       3.50509119      0.389110386       7.96115398E-03  0.459806561       3.90724659      0.413285643       8.35597515E-03
   99.0000000       0.00000000      0.119999997       10.5419998       13.4249935       4.59999990      0.958419323       3.47337866       25.7287121       22.0826759      0.858289182       5.74238920       4.72877121       28.5999069       19.9863205       28.5999069       24.4470539       17.3539009       24.4470615      0.223189920      0.214139417     k_33_26_4                                                                         0.130579412       1.08843231      0.165528908       4.50378656E-03  0.153853521       1.28058934      0.181897849       4.86963987E-03
   99.0000000       0.00000000      0.150000006       10.5419998       13.4573250       4.59999990      0.944335878       3.55230188       9.81361008       7.99856234      0.815047920       3.35075426       2.73377585       11.4889860       6.46285486       11.4889860       9.36544800       5.26478529       9.36545181      0.341439515      0.341783404     k_33_26_5                                                                          4.77697030E-02  0.387341321       7.53250793E-02   2.54508853E-03   5.93964122E-02  0.482268840       8.63236934E-02   2.86599994E-03
   99.0000000       0.00000000      0.180000007       10.5419998       13.4944286       4.59999990      0.928793609       3.64203930       4.15200520       3.24142671      0.780689478       1.97470856       1.59032667       5.13935995       2.17729664       5.13935947       4.03658819       1.65109944       4.03659105      0.475603580      0.490625530     k_33_26_6                                                                          1.98016074E-02  0.155119702       3.65196504E-02   1.46861374E-03   2.56377924E-02  0.202180073       4.38206531E-02   1.73023343E-03
   99.0000000       0.00000000      0.209999993       10.5419998       13.5366392       4.59999990      0.911870599       3.74306297       1.90818000       1.45765138      0.763896167       1.17467046      0.936592102       2.49551535      0.733509779       2.49551535       1.92594659      0.521059275       1.92594826      0.615597308      0.642535031     k_33_26_7                                                                          9.20388289E-03   6.96864277E-02   1.87884960E-02   8.64084810E-04   1.21205002E-02   9.24043357E-02   2.35987902E-02   1.07615814E-03
   99.0000000       0.00000000      0.239999995       10.5419998       13.5843048       4.59999990      0.893665254       3.85582447      0.941084266      0.747198939      0.793976665      0.702997088      0.564213514       1.29258263      0.238087177       1.29258263       1.02930498      0.182985380       1.02930629      0.747007608      0.755104840     k_33_26_8                                                                          4.98988014E-03   3.62842530E-02   1.04816202E-02   5.36162406E-04   6.20230986E-03   4.54869345E-02   1.34202307E-02   6.91579655E-04
   99.0000000       0.00000000      0.270000011       10.5419998       13.6378498       4.59999990      0.874275386       3.98087120      0.494732529      0.389215797      0.786719620      0.421638906      0.328003973      0.705551982       7.30935112E-02  0.705551982      0.553217232       6.12118319E-02  0.553218305      0.852256298      0.842730343     k_33_26_9                                                                          2.74680578E-03   1.91446170E-02   6.05481304E-03   3.36917117E-04   3.41382110E-03   2.39575990E-02   8.04458745E-03   4.60570678E-04
   99.0000000       0.00000000      0.300000012       10.5419998       13.6977777       4.59999990      0.853799045       4.11885071      0.276071250      0.227085739      0.822562099      0.252482861      0.192751646      0.402312726       2.35883910E-02  0.402312756      0.323461026       3.43340673E-02  0.323462069      0.914556861      0.848805606     k_33_26_10                                                                         1.70633162E-03   1.14936456E-02   3.79328104E-03   2.26950273E-04   2.01348262E-03   1.34458803E-02   5.07884426E-03   3.18627805E-04
   99.0000000       0.00000000      0.330000013       10.5419998       13.7646656       4.59999990      0.832341075       4.27046776      0.162807241      0.136835039      0.840472698      0.150319502      0.109897591      0.237967014       1.24877580E-02  0.237967014      0.191783279       2.69374438E-02  0.191784427      0.923297405      0.803139269     k_33_26_11                                                                         1.09020818E-03   7.10438006E-03   2.50744843E-03   1.60326017E-04   1.26754725E-03   8.00721720E-03   3.37051763E-03   2.29061116E-04
   99.0000000       0.00000000      0.360000014       10.5419998       13.8392000       4.59999990      0.810003042       4.43655300      0.100870058       8.73507336E-02  0.865972877       8.85814801E-02   6.18610233E-02  0.145160809       1.22885909E-02  0.145160809      0.118281141       2.54897252E-02  0.118281357      0.878174186      0.708191216     k_33_26_12                                                                         7.39861571E-04   4.65825852E-03   1.76888169E-03   1.21365534E-04   8.47076473E-04   5.03082201E-03   2.34173681E-03   1.70710264E-04
   99.0000000       0.00000000      0.389999986       10.5419998       13.9222059       4.59999990      0.786883235       4.61807585       6.51509166E-02   5.84264398E-02  0.896786153       5.13851233E-02   3.48149613E-02   9.08434987E-02   1.37658007E-02   9.08434987E-02   7.58338422E-02   2.36114804E-02   7.58340061E-02  0.788709164      0.595876813     k_33_26_13                                                                         5.25553245E-04   3.21164634E-03   1.31181907E-03   9.68155218E-05   5.96559141E-04   3.30979773E-03   1.69262430E-03   1.31221488E-04
   99.0000000       0.00000000      0.419999987       10.5419998       14.0146503       4.59999990      0.763080120       4.81613493       4.34919484E-02   3.92581858E-02  0.902654111       2.91356947E-02   1.79018937E-02   5.80597892E-02   1.43562471E-02   5.80597892E-02   4.82090525E-02   2.13562921E-02   4.82092239E-02  0.669910073      0.456004113     k_33_26_14                                                                         3.68249632E-04   2.23580562E-03   9.80702462E-04   7.86226010E-05   4.39144991E-04   2.26129219E-03   1.26341940E-03   1.03365048E-04
   99.0000000       0.00000000      0.449999988       10.5419998       14.1176796       4.59999990      0.738691628       5.03196383       2.97419839E-02   2.68173628E-02  0.901666939       1.59713719E-02   8.01409222E-03   3.77276689E-02   1.37706148E-02   3.77276763E-02   3.08243521E-02   1.88032724E-02   3.08244657E-02  0.536997557      0.298839688     k_33_26_15                                                                         2.67693715E-04   1.58082368E-03   7.53929897E-04   6.38350612E-05   3.35048389E-04   1.59073854E-03   9.66246240E-04   8.28424818E-05
   99.0000000       0.00000000      0.479999989       10.5419998       14.2326994       4.59999990      0.713805676       5.26704502       2.06749681E-02   1.85601655E-02  0.897711933       8.31556972E-03   2.84941611E-03   2.48327535E-02   1.23593984E-02   2.48327535E-02   1.99848376E-02   1.57107469E-02   1.99849047E-02  0.402204722      0.153523207     k_33_26_16                                                                         2.02580326E-04   1.13106007E-03   5.93146542E-04   5.24536590E-05   2.63007649E-04   1.14381674E-03   7.52017717E-04   6.71304297E-05
   99.0000000       0.00000000      0.509999990       10.5419998       14.3613882       4.59999990      0.688511550       5.52302933       1.45153245E-02   1.29620824E-02  0.892992973       3.96944769E-03   6.27702859E-04   1.65000483E-02   1.05458777E-02   1.65000483E-02   1.32759456E-02   1.23343803E-02   1.32759232E-02  0.273465991       4.84260805E-02 k_33_26_17                                                                         1.56305963E-04   8.24008428E-04   4.68404323E-04   4.32694796E-05   2.11128761E-04   8.35670857E-04   5.92287048E-04   5.47154050E-05
   99.0000000       0.00000000      0.540000021       10.5419998       14.5058260       4.59999990      0.662888169       5.80188560       1.02385599E-02   9.05313715E-03  0.884219766       1.58897298E-03  -3.84391315E-04   1.10330442E-02   8.64958577E-03   1.10330461E-02   8.86093080E-03   9.43752658E-03   8.86094756E-03  0.155194968      -4.24594581E-02 k_33_26_18                                                                         1.22691650E-04   6.04388537E-04   3.70295893E-04   3.54652584E-05   1.72478947E-04   6.17473619E-04   4.69993858E-04   4.46725462E-05
   99.0000000       0.00000000      0.569999993       10.5419998       14.6685524       4.59999990      0.637014210       6.10584450       7.22646201E-03   6.29026257E-03  0.870448411       3.55612487E-04  -7.74781511E-04   7.40426872E-03   6.87084999E-03   7.40426872E-03   5.90285985E-03   7.06504472E-03   5.90288360E-03   4.92097624E-02 -0.123171568     k_33_26_19                                                                         9.77978416E-05   4.43670084E-04   2.92243814E-04   2.89065792E-05   1.42874225E-04   4.59884584E-04   3.74559255E-04   3.64262814E-05
   99.0000000       0.00000000      0.600000024       10.5419998       14.8527670       4.59999990      0.610958219       6.43756104       5.08615747E-03   4.33959393E-03  0.853216588      -2.24950345E-04  -8.50825163E-04   4.97368211E-03   5.31110773E-03   4.97368257E-03   3.91418068E-03   5.19041950E-03   3.91418254E-03  -4.42279540E-02 -0.196061015     k_33_26_20                                                                         7.94591760E-05   3.25483154E-04   2.30158359E-04   2.32078455E-05   1.19647579E-04   3.44338740E-04   2.99028819E-04   2.95926584E-05
   99.0000000       0.00000000      0.629999995       10.5419998       15.0624952       4.59999990      0.584786832       6.80009651       3.55964038E-03   2.97099096E-03  0.834632337      -4.47511877E-04  -7.81061943E-04   3.33588454E-03   4.00715228E-03   3.33588454E-03   2.58045364E-03   3.75205278E-03   2.58046621E-03 -0.125718281     -0.262896091     k_33_26_21                                                                         6.55392505E-05   2.38778564E-04   1.80754840E-04   1.85942845E-05   1.01064237E-04   2.58713670E-04   2.38708992E-04   2.39098881E-05
   99.0000000       0.00000000      0.660000026       10.5419998       15.3029146       4.59999990      0.558559954       7.19706964       2.47453409E-03   2.01972644E-03  0.816204727      -4.85535158E-04  -6.53879601E-04   2.23176647E-03   2.96006957E-03   2.23176670E-03   1.69277762E-03   2.67360592E-03   1.69279601E-03 -0.196212754     -0.323746622     k_33_26_22                                                                         5.50342811E-05   1.75514084E-04   1.41872530E-04   1.47215032E-05   8.60704968E-05   1.95056957E-04   1.90540610E-04   1.92129737E-05
   99.0000000       0.00000000      0.689999998       10.5419998       15.5807867       4.59999990      0.532331347       7.63276958       1.70317374E-03   1.36205938E-03  0.799718380      -4.37393377E-04  -5.16013824E-04   1.48447731E-03   2.14056741E-03   1.48447708E-03   1.10405136E-03   1.87807332E-03   1.10405369E-03 -0.256810784     -0.378848255     k_33_26_23                                                                         4.68801845E-05   1.29384745E-04   1.11244401E-04   1.15518051E-05   7.37350056E-05   1.47302926E-04   1.51788205E-04   1.53242800E-05
   99.0000000       0.00000000      0.720000029       10.5419998       15.9051113       4.59999990      0.506150663       8.11227512       1.15892221E-03   9.10576666E-04  0.785709918      -3.57487646E-04  -3.87110515E-04   9.80178243E-04   1.51640957E-03   9.80178243E-04   7.17023737E-04   1.29768706E-03   7.17019197E-04 -0.308465600     -0.425126761     k_33_26_24                                                                         4.04985440E-05   9.56771692E-05   8.71963057E-05   9.09697701E-06   6.35219039E-05   1.11437359E-04   1.20681325E-04   1.21313242E-05
   99.0000000       0.00000000      0.750000000       10.5419998       16.2881470       4.59999990      0.480062813       8.64167213       7.77512672E-04   6.01012027E-04  0.772993207      -2.73744430E-04  -2.83199246E-04   6.40640385E-04   1.05125702E-03   6.40640385E-04   4.59413423E-04   8.84211273E-04   4.59411298E-04 -0.352077127     -0.471203953     k_33_26_25                                                                         3.53338728E-05   7.08545267E-05   6.82834725E-05   7.04676859E-06   5.49697506E-05   8.43957241E-05   9.56853255E-05   9.52252230E-06
   99.0000000       0.00000000      0.779999971       10.5419998       16.7470932       4.59999990      0.454106510       9.22832584       5.13636332E-04   3.92397313E-04  0.763959408      -1.99296803E-04  -1.99657952E-04   4.13987902E-04   7.12933077E-04   4.13987902E-04   2.92568060E-04   5.92055323E-04   2.92568700E-04 -0.388011485     -0.508815825     k_33_26_26                                                                         3.11726981E-05   5.28284654E-05   5.35486943E-05   5.43900751E-06   4.78249458E-05   6.40639919E-05   7.57422240E-05   7.41806798E-06
   99.0000000       0.00000000      0.810000002       10.5419998       17.3068333       4.59999990      0.428317547       9.88116837       3.32541269E-04   2.52117083E-04  0.758152783      -1.38703865E-04  -1.35863404E-04   2.63189344E-04   4.71245148E-04   2.63189344E-04   1.84184828E-04   3.87980486E-04   1.84185876E-04 -0.417102724     -0.538890123     k_33_26_27                                                                         2.77116997E-05   3.95685420E-05   4.19965691E-05   4.17359843E-06   4.17594347E-05   4.86706012E-05   5.97626968E-05   5.72393765E-06
   99.0000000       0.00000000      0.839999974       10.5419998       18.0049629       4.59999990      0.402726918       10.6111784       2.10495360E-04   1.59261617E-04  0.756603956      -9.24275810E-05  -8.90529336E-05   1.64281577E-04   3.02922941E-04   1.64281548E-04   1.14734336E-04   2.48314551E-04   1.14735958E-04 -0.439095587     -0.559161305     k_33_26_28                                                                         2.48561337E-05   2.98835657E-05   3.30395742E-05   3.19768606E-06   3.66611894E-05   3.70789567E-05   4.70915111E-05   4.38133611E-06
   99.0000000       0.00000000      0.870000005       10.5419998       18.9013062       4.59999990      0.377361685       11.4320059       1.29462176E-04   9.81476405E-05  0.758118272      -5.88117655E-05  -5.59166983E-05   1.00056299E-04   1.88273960E-04   1.00056299E-04   7.01890167E-05   1.54064328E-04   7.01895988E-05 -0.454277605     -0.569720268     k_33_26_29                                                                         2.24363339E-05   2.27100481E-05   2.60509660E-05   2.44249713E-06   3.23549721E-05   2.83224363E-05   3.70513808E-05   3.32449781E-06
   99.0000000       0.00000000      0.899999976       10.5419998       20.0977917       4.59999990      0.352245957       12.3607607       7.66405574E-05   5.85443413E-05  0.763881981      -3.54270160E-05  -3.40152474E-05   5.89270421E-05   1.12067566E-04   5.89270421E-05   4.15367904E-05   9.25595887E-05   4.15366412E-05 -0.462248921     -0.581016839     k_33_26_30                                                                         2.03694617E-05   1.73975004E-05   2.06042278E-05   1.85550925E-06   2.86991508E-05   2.16825738E-05   2.90991593E-05   2.49821460E-06
   99.0000000       0.00000000      0.930000007       10.5419998       21.7853832       4.59999990      0.327399969       13.4192629       4.31064764E-05   3.33169592E-05  0.772899151      -1.99257156E-05  -1.94262484E-05   3.31436167E-05   6.30321956E-05   3.31436167E-05   2.36039286E-05   5.27432094E-05   2.36037395E-05 -0.462244123     -0.583073854     k_33_26_31                                                                         1.86222587E-05   1.34401471E-05   1.63417335E-05   1.39949179E-06   2.56374969E-05   1.66640002E-05   2.28537992E-05   1.86096986E-06
   99.0000000       0.00000000      0.959999979       10.5419998       24.3749371       4.59999990      0.302841216       14.6357117       2.24390424E-05   1.76007197E-05  0.784379244      -1.01718051E-05  -1.00756833E-05   1.73531389E-05   3.26108493E-05   1.73531389E-05   1.25629476E-05   2.76764058E-05   1.25628112E-05 -0.453308344     -0.572458625     k_33_26_32                                                                         1.71746287E-05   1.04505543E-05   1.30130857E-05   1.05120398E-06   2.30941041E-05   1.28641877E-05   1.79648905E-05   1.37398001E-06
   99.0000000       0.00000000      0.990000010       10.5419998       28.9762955       4.59999990      0.278584659       16.0472088       1.02156846E-05   8.14835767E-06  0.797632098      -4.44286798E-06  -4.50181960E-06   7.99425015E-06   1.46585517E-05   7.99424924E-06   5.89747697E-06   1.26501791E-05   5.89742012E-06 -0.434906542     -0.552481830     k_33_26_33                                                                         1.60418895E-05   8.19207889E-06   1.04387818E-05   7.89063506E-07   2.10630897E-05   1.00058605E-05   1.41851851E-05   1.00767193E-06
   99.0000000       0.00000000       1.01999998       10.5419998       40.3850250       4.59999990      0.254642516       17.7035809       3.34602146E-06   2.72198031E-06  0.813497543      -1.35365656E-06  -1.42486601E-06   2.66919278E-06   4.69967790E-06   2.66919324E-06   2.00955742E-06   4.14684564E-06   2.00953741E-06 -0.404557049     -0.523466706     k_33_26_34                                                                         1.51123495E-05   6.48109517E-06   8.41770907E-06   5.88429430E-07   1.94697914E-05   7.83767609E-06   1.12540620E-05   7.33016122E-07
