 #! thr0[f,0]/ phr0[f,1]/ pr[f,2]/ ei[f,3]/ th_e[f,4]/ q2[f,5]/ x[f,6]/ plab[f,7]/ crs0[f,8]/ crs12[f,9]/  ratio[f,10]/ crs_ten0[f,11]/ crs_ten12[f,12]/  crs_pol0_-1[f,13]/ crs_pol0_0[f,14]/ crs_pol0_1[f,15]/ crs_pol12_-1[f,16]/ crs_pol12_0[f,17]/ crs_pol12_1[f,18]/ asym0[f,19]/ asym12[f,20]/ ID[s,21]/ w_l[f,22]/ w_t[f,23]/ w_lt[f,24]/ w_tt[f,25]/ w_l_pwia[f,26]/ w_t_pwia[f,27]/ w_lt_pwia[f,28]/ w_tt_pwia[f,29]/ 
   96.0000000       0.00000000       0.00000000       10.5419998       17.9683895       7.00000000      0.998759985       4.57703209       250.743790       245.221024      0.977974474      -1.88955921E-03 -0.901701331       250.742859       250.745682       250.742859       244.770187       246.122696       244.770187      -7.53581662E-06  -3.67709645E-03 k_32_50_0                                                                          3.73799276       38.8297424      -1.29936394E-04   1.14440918E-05   3.82372999       39.7032204       2.16840434E-19   0.00000000    
   96.0000000       0.00000000       2.99999993E-02   10.5419998       17.9926701       7.00000000      0.993914247       4.61418247       122.014847       118.429237      0.970613360       1.81795621       1.16841090       122.923843       120.196907       122.923851       119.013451       117.260826       119.013435       1.48994671E-02   9.86589864E-03 k_32_50_1                                                                          1.77753377       18.3244572      0.631632209       3.36647034E-03   1.83299637       18.8874741      0.641982019       3.40366364E-03
   96.0000000       0.00000000       5.99999987E-02   10.5419998       18.0251217       7.00000000      0.987540722       4.66358376       31.8183575       30.0501785      0.944428980       1.88995588       1.53890896       32.7633400       29.9284039       32.7633400       30.8196335       28.5112686       30.8196335       5.93982860E-02   5.12113087E-02 k_32_50_2                                                                         0.447051853       4.55595779      0.319772482       3.40151787E-03  0.474647433       4.83238745      0.329885334       3.48234177E-03
   96.0000000       0.00000000       9.00000036E-02   10.5419998       18.0658646       7.00000000      0.979701281       4.72520018       8.94702530       8.05877590      0.900721252       1.18743098      0.982630789       9.54074192       7.75959539       9.54074192       8.55009174       7.07614470       8.55009174      0.132717967      0.121933006     k_32_50_3                                                                         0.119647540       1.19960320      0.129663020       2.07018852E-03  0.133607700       1.33790493      0.137709871       2.17008591E-03
   96.0000000       0.00000000      0.119999997       10.5419998       18.1153336       7.00000000      0.970417261       4.79941654       2.96764898       2.49614882      0.841119945      0.691397727      0.563536882       3.31334734       2.27625084       3.31334758       2.77791667       1.93261194       2.77791762      0.232978269      0.225762531     k_32_50_4                                                                          3.71346883E-02  0.365357518       5.45415543E-02   1.16421282E-03   4.47325520E-02  0.438514560       6.05521537E-02   1.26478076E-03
   96.0000000       0.00000000      0.150000006       10.5419998       18.1739960       7.00000000      0.959728658       4.88658667       1.12693930      0.897001445      0.795962512      0.401656628      0.321657568       1.32776785      0.725282669       1.32776761       1.05783010      0.575343907       1.05783045      0.356413722      0.358592033     k_32_50_5                                                                          1.36564989E-02  0.129532397       2.47615688E-02   6.57841563E-04   1.72936879E-02  0.165150672       2.87087802E-02   7.44365156E-04
   96.0000000       0.00000000      0.180000007       10.5419998       18.2423801       7.00000000      0.947687864       4.98707151      0.474628508      0.357706219      0.753655136      0.235634997      0.184379905      0.592446029      0.238993615      0.592446029      0.449896008      0.173326269      0.449896276      0.496461958      0.515450656     k_32_50_6                                                                          5.63790044E-03   5.12256846E-02   1.18990066E-02   3.77843156E-04   7.48123508E-03   6.92382306E-02   1.45592494E-02   4.49378043E-04
   96.0000000       0.00000000      0.209999993       10.5419998       18.3211594       7.00000000      0.934345484       5.10135746      0.217101842      0.155689508      0.717126608      0.139508590      0.105314590      0.286856174       7.75932670E-02  0.286856145      0.208346665       5.03749289E-02  0.208346978      0.642595172      0.676439881     k_32_50_7                                                                          2.57117255E-03   2.22732648E-02   5.99962752E-03   2.35651620E-04   3.54758860E-03   3.16453688E-02   7.83264637E-03   2.79504806E-04
   96.0000000       0.00000000      0.239999995       10.5419998       18.4110527       7.00000000      0.919771731       5.22988272      0.106543042       7.61719346E-02  0.714940488       8.30789134E-02   6.13855831E-02  0.148082510       2.34641246E-02  0.148082495      0.106864579       1.47863477E-02  0.106864862      0.779768527      0.805881917     k_32_50_8                                                                          1.33912708E-03   1.10521149E-02   3.24551784E-03   1.33321155E-04   1.82236475E-03   1.55776683E-02   4.44949325E-03   1.79618131E-04
   96.0000000       0.00000000      0.270000011       10.5419998       18.5130119       7.00000000      0.904026985       5.37327337       5.57179861E-02   4.12800908E-02  0.740875483       4.95685674E-02   3.57733406E-02   8.05022717E-02   6.14941027E-03   8.05022568E-02   5.91667108E-02   5.50675392E-03   5.91668151E-02  0.889633179      0.866600335     k_32_50_9                                                                          7.77404639E-04   6.14757091E-03   1.88861950E-03   8.48069321E-05   1.00767892E-03   8.20425339E-03   2.66410108E-03   1.19620468E-04
   96.0000000       0.00000000      0.300000012       10.5419998       18.6281033       7.00000000      0.887182117       5.53218842       3.09191328E-02   2.41823327E-02  0.782115519       2.95174476E-02   2.05681846E-02   4.56778593E-02   1.40168949E-03   4.56778593E-02   3.44664119E-02   3.61414650E-03   3.44664380E-02  0.954666078      0.850545943     k_32_50_10                                                                         4.91603510E-04   3.72276758E-03   1.17851573E-03   5.67520037E-05   5.97482489E-04   4.60405927E-03   1.67981710E-03   8.27533659E-05
   96.0000000       0.00000000      0.330000013       10.5419998       18.7576180       7.00000000      0.869309366       5.70738506       1.81252547E-02   1.50272353E-02  0.829077184       1.74689330E-02   1.16786892E-02   2.68597230E-02   6.56321470E-04   2.68597230E-02   2.08665468E-02   3.34854517E-03   2.08666101E-02  0.963789642      0.777168214     k_32_50_11                                                                         3.25633097E-04   2.39990791E-03   7.87082594E-04   3.99040291E-05   3.78342607E-04   2.74129771E-03   1.11323234E-03   5.94918383E-05
   96.0000000       0.00000000      0.360000014       10.5419998       18.9030972       7.00000000      0.850482881       5.89973164       1.11576021E-02   9.77704767E-03  0.876267850       1.02280360E-02   6.36940263E-03   1.62716210E-02   9.29567672E-04   1.62716210E-02   1.29617443E-02   3.40764504E-03   1.29617527E-02  0.916687667      0.651464820     k_32_50_12                                                                         2.18428046E-04   1.63219217E-03   5.49308374E-04   3.04877758E-05   2.54432380E-04   1.72184641E-03   7.72235799E-04   4.43369499E-05
   96.0000000       0.00000000      0.389999986       10.5419998       19.0663700       7.00000000      0.830778718       6.11020565       7.15722516E-03   6.38898136E-03  0.892661810       5.89241460E-03   3.13845207E-03   1.01034315E-02   1.26481056E-03   1.01034334E-02   7.95819983E-03   3.25052976E-03   7.95821659E-03  0.823282003      0.491228878     k_32_50_13                                                                         1.50312437E-04   1.10507081E-03   4.01505182E-04   2.38257926E-05   1.80381350E-04   1.13250082E-03   5.57270250E-04   3.40851839E-05
   96.0000000       0.00000000      0.419999987       10.5419998       19.2496605       7.00000000      0.810271084       6.33994150       4.74091154E-03   4.15987428E-03  0.877441883       3.31527204E-03   1.24237931E-03   6.39854791E-03   1.42563973E-03   6.39854791E-03   4.78106318E-03   2.91749556E-03   4.78106504E-03  0.699289978      0.298657894     k_32_50_14                                                                         1.09271539E-04   7.33218505E-04   3.08010494E-04   1.92270672E-05   1.33638823E-04   7.73210893E-04   4.15084767E-04   2.68459844E-05
   96.0000000       0.00000000      0.449999988       10.5419998       19.4556770       7.00000000      0.789032698       6.59024906       3.21502564E-03   2.92108115E-03  0.908571661       1.80217728E-03   5.11933351E-04   4.11611469E-03   1.41284894E-03   4.11611469E-03   3.17704258E-03   2.40914780E-03   3.17705260E-03  0.560548365      0.175254747     k_32_50_15                                                                         8.27952463E-05   5.37104672E-04   2.43865230E-04   1.60455529E-05   1.02607330E-04   5.43524569E-04   3.16740276E-04   2.15158798E-05
   96.0000000       0.00000000      0.479999989       10.5419998       19.6877060       7.00000000      0.767137825       6.86259031       2.21439195E-03   2.05292087E-03  0.927081048       9.29698930E-04   1.25803374E-04   2.67924136E-03   1.28469290E-03   2.67924136E-03   2.11581378E-03   1.92711758E-03   2.11583101E-03  0.419843882       6.12801872E-02 k_32_50_16                                                                         6.33374148E-05   3.95508367E-04   1.94239416E-04   1.34600123E-05   8.10182610E-05   3.90445231E-04   2.45890347E-04   1.74351444E-05
   96.0000000       0.00000000      0.509999990       10.5419998       19.9498310       7.00000000      0.744655788       7.15867233       1.53885654E-03   1.43336284E-03  0.931446671       4.39280644E-04  -5.30147408E-05   1.75849651E-03   1.09957578E-03   1.75849674E-03   1.40684273E-03   1.48637791E-03   1.40686822E-03  0.285459131      -3.69862691E-02 k_32_50_17                                                                         4.90207276E-05   2.90705328E-04   1.54508525E-04   1.12154230E-05   6.53714087E-05   2.84910260E-04   1.93106345E-04   1.42107165E-05
   96.0000000       0.00000000      0.540000021       10.5419998       20.2471218       7.00000000      0.721656501       7.48042297       1.07317069E-03   9.91868903E-04  0.924241543       1.73854860E-04  -1.21401550E-04   1.16009801E-03   8.99315753E-04   1.16009789E-03   9.31167859E-04   1.11327041E-03   9.31168383E-04  0.162001133     -0.122396767     k_32_50_18                                                                         3.85009480E-05   2.12998799E-04   1.22324665E-04   9.27574729E-06   5.36260595E-05   2.10195023E-04   1.52735083E-04   1.16023948E-05
   96.0000000       0.00000000      0.569999993       10.5419998       20.5860062       7.00000000      0.698205590       7.83007669       7.47649930E-04   6.81754784E-04  0.911863625       3.84588384E-05  -1.35614478E-04   7.66879355E-04   7.09191081E-04   7.66879355E-04   6.13947574E-04   8.17369204E-04   6.13947457E-04   5.14396317E-02 -0.198919728     k_32_50_19                                                                         3.06815346E-05   1.56172871E-04   9.65954532E-05   7.58998067E-06   4.45392106E-05   1.56208145E-04   1.21238285E-04   9.45790816E-06
   96.0000000       0.00000000      0.600000024       10.5419998       20.9747334       7.00000000      0.674364805       8.21021938       5.18861110E-04   4.62813070E-04  0.891978741      -2.39546443E-05  -1.23600403E-04   5.06883720E-04   5.42815716E-04   5.06883778E-04   4.01012017E-04   5.86413313E-04   4.01013560E-04  -4.61677387E-02 -0.267063349     k_32_50_20                                                                         2.48187225E-05   1.14081842E-04   7.56893132E-05   6.07117545E-06   3.73655057E-05   1.16723459E-04   9.64150531E-05   7.68580867E-06
   96.0000000       0.00000000      0.629999995       10.5419998       21.4240475       7.00000000      0.650193691       8.62382984       3.57337558E-04   3.10963311E-04  0.870222867      -4.69117440E-05  -1.02506863E-04   3.33881704E-04   4.04249324E-04   3.33881704E-04   2.59709399E-04   4.13470203E-04   2.59710301E-04 -0.131281316     -0.329642951     k_32_50_21                                                                         2.03670061E-05   8.32459482E-05   5.90379241E-05   4.88375008E-06   3.15654070E-05   8.74721591E-05   7.66213489E-05   6.21124127E-06
   96.0000000       0.00000000      0.660000026       10.5419998       21.9482441       7.00000000      0.625748515       9.07436752       2.43772462E-04   2.06917073E-04  0.848812342      -4.99225098E-05  -7.96405293E-05   2.18811183E-04   2.93695019E-04   2.18811183E-04   1.67096339E-04   2.86557595E-04   1.67097256E-04 -0.204791427     -0.384891063     k_32_50_22                                                                         1.69747964E-05   6.08927585E-05   4.59226649E-05   3.83297993E-06   2.68276708E-05   6.57194323E-05   6.08273731E-05   4.99041198E-06
   96.0000000       0.00000000      0.689999998       10.5419998       22.5667915       7.00000000      0.601081610       9.56586838       1.64175202E-04   1.35857466E-04  0.827515125      -4.40110562E-05  -5.92573851E-05   1.42169694E-04   2.08186291E-04   1.42169680E-04   1.06232030E-04   1.95114859E-04   1.06225511E-04 -0.268073708     -0.436173201     k_32_50_23                                                                         1.43499756E-05   4.44740435E-05   3.56228375E-05   3.01152249E-06   2.28929639E-05   4.94284177E-05   4.81626521E-05   3.98004158E-06
   96.0000000       0.00000000      0.720000029       10.5419998       23.3069134       7.00000000      0.576242566       10.1030426       1.08907763E-04   8.79287181E-05  0.807368696      -3.50676200E-05  -4.24794671E-05   9.13739423E-05   1.43975369E-04   9.13739495E-05   6.66889100E-05   1.30408196E-04   6.66890555E-05 -0.321993768     -0.483112544     k_32_50_24                                                                         1.22517495E-05   3.25259680E-05   2.75433558E-05   2.34519575E-06   1.96057736E-05   3.72180002E-05   3.80342644E-05   3.15074976E-06
   96.0000000       0.00000000      0.750000000       10.5419998       24.2080917       7.00000000      0.551276147       10.6914721       7.08881125E-05   5.60101653E-05  0.790120721      -2.60560191E-05  -2.95237260E-05   5.78600993E-05   9.69441244E-05   5.78600993E-05   4.12483168E-05   8.55338949E-05   4.12482987E-05 -0.367565423     -0.527113736     k_32_50_25                                                                         1.05570989E-05   2.38555604E-05   2.12575906E-05   1.81475480E-06   1.68306487E-05   2.80345448E-05   2.99302610E-05   2.47342268E-06
   96.0000000       0.00000000      0.779999971       10.5419998       25.3298721       7.00000000      0.526225448       11.3377247       4.51255801E-05   3.49818074E-05  0.775210142      -1.82771382E-05  -1.97535865E-05   3.59870173E-05   6.34027310E-05   3.59870173E-05   2.51049660E-05   5.47353884E-05   2.51050569E-05 -0.405028313     -0.564681709     k_32_50_26                                                                         9.17243869E-06   1.75560599E-05   1.63872228E-05   1.38174710E-06   1.44893547E-05   2.11430524E-05   2.34870313E-05   1.92662901E-06
   96.0000000       0.00000000      0.810000002       10.5419998       26.7671680       7.00000000      0.501128852       12.0496578       2.78922416E-05   2.13268413E-05  0.764615536      -1.21441508E-05  -1.27003123E-05   2.18201640E-05   4.00363970E-05   2.18201640E-05   1.49766965E-05   3.40271545E-05   1.49766765E-05 -0.435395300     -0.595508337     k_32_50_27                                                                         8.02256091E-06   1.29739692E-05   1.26355717E-05   1.05389927E-06   1.24886310E-05   1.59441151E-05   1.83524862E-05   1.48662048E-06
   96.0000000       0.00000000      0.839999974       10.5419998       28.6821060       7.00000000      0.476022452       12.8366842       1.66222071E-05   1.25650349E-05  0.755918562      -7.61883575E-06  -7.80938626E-06   1.28127886E-05   2.42410424E-05   1.28127886E-05   8.66044866E-06   2.03744203E-05   8.66023402E-06 -0.458352834     -0.621517301     k_32_50_28                                                                         7.03899332E-06   9.61858586E-06   9.73042370E-06   8.03617695E-07   1.07936030E-05   1.20438517E-05   1.43030675E-05   1.13792976E-06
   96.0000000       0.00000000      0.870000005       10.5419998       31.3801365       7.00000000      0.450937927       13.7102518       9.40984228E-06   7.05641651E-06  0.749897420      -4.46215199E-06  -4.49762319E-06   7.17876628E-06   1.38719934E-05   7.17876628E-06   4.80763993E-06   1.15540388E-05   4.80756853E-06 -0.474200517     -0.637380600     k_32_50_29                                                                         6.19296907E-06   7.16391969E-06   7.48469984E-06   6.06117510E-07   9.35009393E-06   9.11014831E-06   1.11135823E-05   8.63441073E-07
   96.0000000       0.00000000      0.899999976       10.5419998       35.5249672       7.00000000      0.425906271       14.6842480       4.92253002E-06   3.68331325E-06  0.748256147      -2.37522659E-06  -2.37776021E-06   3.73491616E-06   7.29775729E-06   3.73491685E-06   2.49443042E-06   6.06107324E-06   2.49443519E-06 -0.482521504     -0.645549297     k_32_50_30                                                                         5.46668252E-06   5.36860989E-06   5.75999002E-06   4.54387646E-07   8.11421796E-06   6.89710032E-06   8.60460295E-06   6.48837840E-07
   96.0000000       0.00000000      0.930000007       10.5419998       42.9499054       7.00000000      0.400953531       15.7758999       2.24064547E-06   1.68009592E-06  0.749826729      -1.08114818E-06  -1.07246137E-06   1.70007172E-06   3.32179411E-06   1.70007149E-06   1.14386887E-06   2.75255684E-06   1.14386125E-06 -0.482516408     -0.638333440     k_32_50_31                                                                         4.85293776E-06   4.04393040E-06   4.43858517E-06   3.39014150E-07   7.06578430E-06   5.23385461E-06   6.64810204E-06   4.83331178E-07
   96.0000000       0.00000000      0.959999979       10.5419998       62.1042519       7.00000000      0.376104116       17.0066700       7.21487538E-07   5.47720447E-07  0.759154439      -3.41399954E-07  -3.42094467E-07   5.50787661E-07   1.06288758E-06   5.50787547E-07   3.76672176E-07   8.89815055E-07   3.76674279E-07 -0.473188996     -0.624578595     k_32_50_32                                                                         4.32808520E-06   3.07816845E-06   3.44395767E-06   2.53246640E-07   6.17810429E-06   3.98243174E-06   5.12803672E-06   3.56847977E-07
