 #! thr0[f,0]/ phr0[f,1]/ pr[f,2]/ ei[f,3]/ th_e[f,4]/ q2[f,5]/ x[f,6]/ plab[f,7]/ crs0[f,8]/ crs12[f,9]/  ratio[f,10]/ crs_ten0[f,11]/ crs_ten12[f,12]/  crs_pol0_-1[f,13]/ crs_pol0_0[f,14]/ crs_pol0_1[f,15]/ crs_pol12_-1[f,16]/ crs_pol12_0[f,17]/ crs_pol12_1[f,18]/ asym0[f,19]/ asym12[f,20]/ ID[s,21]/ w_l[f,22]/ w_t[f,23]/ w_lt[f,24]/ w_tt[f,25]/ w_l_pwia[f,26]/ w_t_pwia[f,27]/ w_lt_pwia[f,28]/ w_tt_pwia[f,29]/ 
   99.0000000       0.00000000       0.00000000       10.5419998       20.0289059       8.00000000      0.998791158       5.12037659       120.663094       118.139687      0.979087174      -9.16256104E-04 -0.431879878       120.662643       120.664017       120.662643       117.923744       118.571556       117.923744      -7.59350769E-06  -3.65567137E-03 k_33_60_0                                                                          2.51614404       27.2768097       2.56939122E-04  -7.62939453E-06   2.57057762       27.8593292      -2.16840434E-19   0.00000000    
   99.0000000       0.00000000       2.99999993E-02   10.5419998       20.0756626       8.00000000      0.992076039       5.17907953       58.2279587       56.5431557      0.971065402      0.831129968      0.527510643       58.6435089       57.3968201       58.6435127       56.8069038       56.0156326       56.8069038       1.42737264E-02   9.32934601E-03 k_33_60_1                                                                          1.19887578       12.8647184      0.437546104       2.12955475E-03   1.23586130       13.2531538      0.444636881       2.13336945E-03
   99.0000000       0.00000000       5.99999987E-02   10.5419998       20.1337738       8.00000000      0.983918548       5.25144243       15.0559559       14.2083578      0.943703473      0.856724918      0.692169964       15.4843159       14.1992292       15.4843159       14.5544443       13.5161886       14.5544443       5.69027252E-02   4.87156920E-02 k_33_60_2                                                                         0.301994383       3.19480228      0.221760124       2.13444233E-03  0.320979744       3.39083004      0.228817806       2.18498707E-03
   99.0000000       0.00000000       9.00000036E-02   10.5419998       20.2036858       8.00000000      0.974370837       5.33763504       4.19696283       3.79701161      0.904704630      0.533610165      0.441174924       4.46376801       3.66335320       4.46376896       4.01759911       3.35583615       4.01759958      0.127141982      0.116190039     k_33_60_3                                                                          8.15380290E-02  0.845957100       9.03045535E-02   1.30558014E-03   9.06290635E-02  0.938791990       9.56647322E-02   1.36128068E-03
   99.0000000       0.00000000      0.119999997       10.5419998       20.2862473       8.00000000      0.963454902       5.43822145       1.37970233       1.17466223      0.851388156      0.307935685      0.251111448       1.53367019       1.07176673       1.53367019       1.30021775      0.923550785       1.30021799      0.223189950      0.213773325     k_33_60_4                                                                          2.57343929E-02  0.259801865       3.82457264E-02   7.31661916E-04   3.04390881E-02  0.307699561       4.21301685E-02   7.93248415E-04
   99.0000000       0.00000000      0.150000006       10.5419998       20.3823090       8.00000000      0.951218128       5.55365658      0.519117236      0.419628769      0.808350682      0.177247122      0.142877579      0.607740760      0.341870129      0.607740760      0.491067439      0.276751190      0.491067648      0.341439486      0.340485662     k_33_60_5                                                                          9.50278714E-03   9.25062150E-02   1.74327716E-02   4.14453447E-04   1.18065532E-02  0.115883403       2.00066250E-02   4.66875732E-04
   99.0000000       0.00000000      0.180000007       10.5419998       20.4929924       8.00000000      0.937702715       5.68457460      0.216547117      0.165272966      0.763219416      0.102990575       8.11827704E-02  0.268042415      0.113556556      0.268042445      0.205864310       8.40902403E-02  0.205864400      0.475603551      0.491204172     k_33_60_6                                                                          3.90651170E-03   3.64777148E-02   8.40281229E-03   2.39031389E-04   5.12508349E-03   4.85830940E-02   1.01628620E-02   2.81848013E-04
   99.0000000       0.00000000      0.209999993       10.5419998       20.6195621       8.00000000      0.922964752       5.83160925       9.80649814E-02   7.31677487E-02  0.746114969       6.03685267E-02   4.68996689E-02  0.128249243       3.76964509E-02  0.128249243       9.66175571E-02   2.62680929E-02   9.66176242E-02  0.615597188      0.640988290     k_33_60_7                                                                          1.84834760E-03   1.63218733E-02   4.33929730E-03   1.40486285E-04   2.43914151E-03   2.22047791E-02   5.47679234E-03   1.75303780E-04
   99.0000000       0.00000000      0.239999995       10.5419998       20.7635212       8.00000000      0.907065332       5.99548006       4.76217568E-02   3.48624140E-02  0.732069016       3.55738178E-02   2.69603375E-02   6.54086769E-02   1.20479437E-02   6.54086620E-02   4.83425446E-02   7.90207367E-03   4.83426116E-02  0.747007668      0.773335338     k_33_60_8                                                                          9.43043910E-04   7.93030206E-03   2.35032220E-03   8.49971548E-05   1.25780038E-03   1.09303687E-02   3.11669311E-03   1.12655573E-04
   99.0000000       0.00000000      0.270000011       10.5419998       20.9267082       8.00000000      0.890066147       6.17703581       2.46291626E-02   1.84045900E-02  0.747268200       2.09903624E-02   1.56005397E-02   3.51243466E-02   3.63879884E-03   3.51243429E-02   2.62048449E-02   2.80404813E-03   2.62048692E-02  0.852256417      0.847643971     k_33_60_9                                                                          5.40160225E-04   4.31720167E-03   1.37052510E-03   5.57380263E-05   6.98366668E-04   5.75662684E-03   1.86950678E-03   7.50250183E-05
   99.0000000       0.00000000      0.300000012       10.5419998       21.1113777       8.00000000      0.872027576       6.37729502       1.35065876E-02   1.03837186E-02  0.768789172       1.23525411E-02   8.88750236E-03   1.96828600E-02   1.15404511E-03   1.96828600E-02   1.48274526E-02   1.49621675E-03   1.48274899E-02  0.914556742      0.855907500     k_33_60_10                                                                         3.26307549E-04   2.53532361E-03   8.46565177E-04   3.61193670E-05   4.15908929E-04   3.23047629E-03   1.18102657E-03   5.19038877E-05
   99.0000000       0.00000000      0.330000013       10.5419998       21.3201561       8.00000000      0.853021026       6.59730959       7.81823602E-03   6.15274999E-03  0.786974192       7.21855601E-03   4.80531435E-03   1.14275143E-02   5.99679886E-04   1.14275152E-02   8.55539739E-03   1.34743599E-03   8.55541788E-03  0.923297286      0.781002700     k_33_60_11                                                                         2.01801377E-04   1.57707953E-03   5.46167430E-04   2.54748738E-05   2.64613860E-04   1.92345353E-03   7.84218602E-04   3.73134390E-05
   99.0000000       0.00000000      0.360000014       10.5419998       21.5563107       8.00000000      0.833114326       6.83834219       4.74765152E-03   3.70148220E-03  0.779644907       4.16926434E-03   2.39920709E-03   6.83228392E-03   5.78387058E-04   6.83228392E-03   4.90108505E-03   1.30227522E-03   4.90108691E-03  0.878174067      0.648174703     k_33_60_12                                                                         1.36093324E-04   9.81528545E-04   3.79394391E-04   1.88093982E-05   1.78857721E-04   1.20816042E-03   5.45115618E-04   2.78082443E-05
   99.0000000       0.00000000      0.389999986       10.5419998       21.8238525       8.00000000      0.812375784       7.10182953       3.00040166E-03   2.45067803E-03  0.816783309       2.36644410E-03   1.22757826E-03   4.18362441E-03   6.33957679E-04   4.18362441E-03   3.06445872E-03   1.22309965E-03   3.06447595E-03  0.788709104      0.500913739     k_33_60_13                                                                         9.98092291E-05   6.81364327E-04   2.84250273E-04   1.49352709E-05   1.27480918E-04   7.94559019E-04   3.94160859E-04   2.13755702E-05
   99.0000000       0.00000000      0.419999987       10.5419998       22.1277561       8.00000000      0.790873766       7.38941717       1.95587915E-03   1.68637559E-03  0.862208486       1.31026353E-03   6.10676070E-04   2.61101080E-03   6.45615743E-04   2.61101080E-03   1.99171179E-03   1.07569958E-03   1.99171552E-03  0.669910252      0.362123400     k_33_60_14                                                                         7.40001269E-05   4.96278750E-04   2.21104579E-04   1.23004575E-05   9.50148751E-05   5.42586204E-04   2.94284284E-04   1.68378756E-05
   99.0000000       0.00000000      0.449999988       10.5419998       22.4742508       8.00000000      0.768676400       7.70298147       1.30300783E-03   1.16106041E-03  0.891061723       6.99712022E-04   2.71586381E-04   1.65286381E-03   6.03295863E-04   1.65286381E-03   1.29685318E-03   8.89473944E-04   1.29685400E-03  0.536997557      0.233912364     k_33_60_15                                                                         5.64545880E-05   3.63449624E-04   1.73301145E-04   1.01916521E-05   7.34123823E-05   3.81446152E-04   2.25082855E-04   1.34948350E-05
   99.0000000       0.00000000      0.479999989       10.5419998       22.8712692       8.00000000      0.745850503       8.04467583       8.79935571E-04   7.98163703E-04  0.907070637       3.53914249E-04   9.63078783E-05   1.05689268E-03   5.26021351E-04   1.05689256E-03   8.46317213E-04   7.01855810E-04   8.46317969E-04  0.402204722      0.120661810     k_33_60_16                                                                         4.34403555E-05   2.67214724E-04   1.37141091E-04   8.47755291E-06   5.83573346E-05   2.74057791E-04   1.75160792E-04   1.09354005E-05
   99.0000000       0.00000000      0.509999990       10.5419998       23.3290195       8.00000000      0.722461939       8.41697025       5.98144776E-04   5.44754672E-04  0.910740495       1.63572317E-04   1.11230893E-05   6.79931021E-04   4.34572605E-04   6.79931021E-04   5.50314551E-04   5.33631537E-04   5.50317753E-04  0.273466110       2.04185285E-02 k_33_60_17                                                                         3.40197766E-05   1.96339694E-04   1.08783024E-04   7.03003025E-06   4.74266672E-05   2.00028822E-04   1.37912095E-04   8.91301170E-06
   99.0000000       0.00000000      0.540000021       10.5419998       23.8609867       8.00000000      0.698571622       8.82275677       4.06848500E-04   3.67869128E-04  0.904191911       6.31408475E-05  -2.51755482E-05   4.38418909E-04   3.43707681E-04   4.38418967E-04   3.55280674E-04   3.93044640E-04   3.55281984E-04  0.155194983      -6.84361532E-02 k_33_60_18                                                                         2.70590717E-05   1.44046731E-04   8.60158543E-05   5.76693128E-06   3.92049114E-05   1.47623563E-04   1.09374261E-04   7.27704173E-06
   99.0000000       0.00000000      0.569999993       10.5419998       24.4851761       8.00000000      0.674241364       9.26533318       2.75542407E-04   2.45767500E-04  0.891940773       1.35593928E-05  -3.62590508E-05   2.82322115E-04   2.61983048E-04   2.82322115E-04   2.27637807E-04   2.82026536E-04   2.27638113E-04   4.92098220E-02 -0.147533953     k_33_60_19                                                                         2.19018402E-05   1.05670973E-04   6.78985598E-05   4.68666622E-06   3.28384012E-05   1.09791494E-04   8.70918666E-05   5.93375808E-06
   99.0000000       0.00000000      0.600000024       10.5419998       25.2264576       8.00000000      0.649526715       9.74860382       1.84950375E-04   1.61939592E-04  0.875584006      -8.17995806E-06  -3.56182354E-05   1.80860399E-04   1.93130341E-04   1.80860399E-04   1.44130230E-04   1.97557820E-04   1.44130681E-04  -4.42278534E-02 -0.219947666     k_33_60_20                                                                         1.79930921E-05   7.74640648E-05   5.33600760E-05   3.78833647E-06   2.77825566E-05   8.20695350E-05   6.94497503E-05   4.82056203E-06
   99.0000000       0.00000000      0.629999995       10.5419998       26.1199951       8.00000000      0.624483347       10.2770710       1.22490485E-04   1.04992308E-04  0.857146621      -1.53993042E-05  -3.01031851E-05   1.14790833E-04   1.37889801E-04   1.14790833E-04   8.99407969E-05   1.35095499E-04   8.99406368E-05 -0.125718370     -0.286718011     k_33_60_21                                                                         1.50424185E-05   5.67468123E-05   4.18000927E-05   3.00626562E-06   2.36843571E-05   6.15429308E-05   5.53578720E-05   3.89485103E-06
   99.0000000       0.00000000      0.660000026       10.5419998       27.2175350       8.00000000      0.599162817       10.8560410       7.97718167E-05   6.69250585E-05  0.838956177      -1.56522619E-05  -2.31154627E-05   7.19456802E-05   9.54240677E-05   7.19456802E-05   5.53670798E-05   9.00405139E-05   5.53675600E-05 -0.196212932     -0.345393240     k_33_60_22                                                                         1.27713674E-05   4.16392504E-05   3.27085327E-05   2.38864050E-06   2.03339805E-05   4.62980170E-05   4.41049124E-05   3.12972588E-06
   99.0000000       0.00000000      0.689999998       10.5419998       28.5988445       8.00000000      0.573612213       11.4918232       5.07504847E-05   4.16424300E-05  0.820532680      -1.30332692E-05  -1.67510043E-05   4.42338569E-05   6.37837584E-05   4.42338569E-05   3.32668678E-05   5.83934343E-05   3.32669915E-05 -0.256810725     -0.402258098     k_33_60_23                                                                         1.09675111E-05   3.05384528E-05   2.54997685E-05   1.87682963E-06   1.75399746E-05   3.48763933E-05   3.50549199E-05   2.49629375E-06
   99.0000000       0.00000000      0.720000029       10.5419998       30.3941517       8.00000000      0.547877491       12.1918573       3.13291312E-05   2.51782294E-05  0.803668320      -9.66396055E-06  -1.13787792E-05   2.64971459E-05   4.09930872E-05   2.64971495E-05   1.94888144E-05   3.65570086E-05   1.94888671E-05 -0.308465630     -0.451929271     k_33_60_24                                                                         9.53123981E-06   2.24369651E-05   1.98530015E-05   1.45828471E-06   1.51959384E-05   2.63111178E-05   2.77946783E-05   1.97615827E-06
   99.0000000       0.00000000      0.750000000       10.5419998       32.8339691       8.00000000      0.522000849       12.9650784       1.85540412E-05   1.46551247E-05  0.789861619      -6.53245252E-06  -7.29127305E-06   1.52878147E-05   2.50864941E-05   1.52878147E-05   1.10094643E-05   2.19463982E-05   1.10095116E-05 -0.352077067     -0.497523785     k_33_60_25                                                                         8.35971878E-06   1.65383572E-05   1.54420122E-05   1.12830003E-06   1.32081568E-05   1.98651396E-05   2.19666090E-05   1.55119778E-06
   99.0000000       0.00000000      0.779999971       10.5419998       36.3748894       8.00000000      0.496020943       13.8222570       1.03627563E-05   8.08626828E-06  0.780320227      -4.02086789E-06  -4.32453317E-06   8.35232095E-06   1.43836260E-05   8.35232186E-06   5.92400329E-06   1.24108010E-05   5.92399920E-06 -0.388011426     -0.534799635     k_33_60_26                                                                         7.39859706E-06   1.22680485E-05   1.20296718E-05   8.68398274E-07   1.15281200E-05   1.50286687E-05   1.73225635E-05   1.20838195E-06
   99.0000000       0.00000000      0.810000002       10.5419998       42.0927811       8.00000000      0.469973981       14.7765026       5.25529049E-06   4.07291554E-06  0.775012434      -2.19199524E-06  -2.30917544E-06   4.15929253E-06   7.44728504E-06   4.15929208E-06   2.91830997E-06   6.38209031E-06   2.91834590E-06 -0.417102575     -0.566958845     k_33_60_27                                                                         6.58517229E-06   9.14387601E-06   9.36793640E-06   6.66555479E-07   1.00863981E-05   1.13760334E-05   1.36082062E-05   9.32419425E-07
   99.0000000       0.00000000      0.839999974       10.5419998       53.4511528       8.00000000      0.443892926       15.8439131       2.20967331E-06   1.71083514E-06  0.774248004      -9.70258043E-07  -1.00983129E-06   1.72454429E-06   3.17993158E-06   1.72454429E-06   1.20591915E-06   2.72066654E-06   1.20591994E-06 -0.439095706     -0.590256333     k_33_60_28                                                                         5.90145373E-06   6.86048588E-06   7.30697047E-06   5.08713811E-07   8.86286580E-06   8.63283458E-06   1.06688012E-05   7.13710051E-07
   99.0000000       0.00000000      0.870000005       10.5419998       96.9544983       8.00000000      0.417808145       17.0444660       5.03452497E-07   3.92776258E-07  0.780165493      -2.28707194E-07  -2.37153174E-07   3.89098886E-07   7.32159663E-07   3.89098915E-07   2.74200261E-07   6.29929502E-07   2.74199095E-07 -0.454277605     -0.603786945     k_33_60_29                                                                         5.31983551E-06   5.17816397E-06   5.70564589E-06   3.86436568E-07   7.82055304E-06   6.56691918E-06   8.34564526E-06   5.41555210E-07
