 #! thr0[f,0]/ phr0[f,1]/ pr[f,2]/ ei[f,3]/ th_e[f,4]/ q2[f,5]/ x[f,6]/ plab[f,7]/ crs0[f,8]/ crs12[f,9]/  ratio[f,10]/ crs_ten0[f,11]/ crs_ten12[f,12]/  crs_pol0_-1[f,13]/ crs_pol0_0[f,14]/ crs_pol0_1[f,15]/ crs_pol12_-1[f,16]/ crs_pol12_0[f,17]/ crs_pol12_1[f,18]/ asym0[f,19]/ asym12[f,20]/ ID[s,21]/ w_l[f,22]/ w_t[f,23]/ w_lt[f,24]/ w_tt[f,25]/ w_l_pwia[f,26]/ w_t_pwia[f,27]/ w_lt_pwia[f,28]/ w_tt_pwia[f,29]/ 
   99.0000000       0.00000000       0.00000000       10.5419998       18.5741768       7.30000019      0.998770237       4.74027157       199.847443       195.299606      0.977243483      -1.48011721E-03 -0.727812469       199.846680       199.848907       199.846680       194.935669       196.027405       194.935669      -7.40623545E-06  -3.72664584E-03 k_33_53_0                                                                          3.29753327       34.7338409       8.42872396E-05   1.90734863E-06   3.37578058       35.5419464      -2.16840434E-19   0.00000000    
   99.0000000       0.00000000       2.99999993E-02   10.5419998       18.6120815       7.30000019      0.991942108       4.79489422       96.6809387       93.7369995      0.969549954       1.38000751      0.868399918       97.3709412       95.3009186       97.3709259       94.1711807       92.8685837       94.1711807       1.42738326E-02   9.26421676E-03 k_33_53_1                                                                          1.57126153       16.3861427      0.560635269       2.88105011E-03   1.62267005       16.9079056      0.570120871       2.91347504E-03
   99.0000000       0.00000000       5.99999987E-02   10.5419998       18.6591644       7.30000019      0.983646512       4.86224604       25.0634460       23.6956768      0.945427716       1.42617822       1.15235662       25.7765388       23.6372662       25.7765274       24.2718582       22.5433178       24.2718506       5.69027178E-02   4.86315116E-02 k_33_53_2                                                                         0.397364318       4.08285046      0.284705549       2.91752815E-03  0.421316385       4.32586193      0.293371290       2.98333168E-03
   99.0000000       0.00000000       9.00000036E-02   10.5419998       18.7158985       7.30000019      0.973913670       4.94268608       7.00523090       6.29504681      0.898620903      0.890658975      0.733095288       7.45056105       6.11457205       7.45056105       6.66159439       5.56195068       6.66159391      0.127141982      0.116455890     k_33_53_3                                                                         0.105973989       1.07154834      0.115312696       1.76906586E-03  0.118906572       1.19766140      0.122643776       1.85829401E-03
   99.0000000       0.00000000      0.119999997       10.5419998       18.7828331       7.30000019      0.962785184       5.03659439       2.30927563       1.98035312      0.857564628      0.515407145      0.423099428       2.56697917       1.79386854       2.56697917       2.19190311       1.55725396       2.19190311      0.223189965      0.213648483     k_33_53_4                                                                          3.39752585E-02  0.333880901       4.91756238E-02   1.00164115E-03   3.99136245E-02  0.392541409       5.40065579E-02   1.08306110E-03
   99.0000000       0.00000000      0.150000006       10.5419998       18.8606987       7.30000019      0.950298429       5.14451265      0.871388912      0.709116220      0.813776970      0.297526509      0.241125688       1.02015209      0.573862314       1.02015209      0.829678893      0.467990577      0.829679370      0.341439396      0.340036899     k_33_53_5                                                                          1.25111965E-02  0.118806735       2.24059373E-02   5.67361712E-04   1.54702747E-02  0.147834882       2.56441329E-02   6.37397170E-04
   99.0000000       0.00000000      0.180000007       10.5419998       18.9502411       7.30000019      0.936515570       5.26688433      0.364609003      0.280875146      0.770346165      0.173409432      0.137447879      0.451313734      0.191199660      0.451313734      0.349599063      0.143427268      0.349599093      0.475603819      0.489355803     k_33_53_6                                                                          5.16090263E-03   4.69774753E-02   1.08112823E-02   3.25052068E-04   6.70966925E-03   6.19776398E-02   1.30252708E-02   3.84805724E-04
   99.0000000       0.00000000      0.209999993       10.5419998       19.0524712       7.30000019      0.921486676       5.40438843      0.165651321      0.125236452      0.756024480      0.101974502       7.99317211E-02  0.216638565       6.36768416E-02  0.216638565      0.165202275       4.53047305E-02  0.165202364      0.615597248      0.638246477     k_33_53_7                                                                          2.43408023E-03   2.11342331E-02   5.58254588E-03   1.91662461E-04   3.19003034E-03   2.83263437E-02   7.01863039E-03   2.39339657E-04
   99.0000000       0.00000000      0.239999995       10.5419998       19.1685085       7.30000019      0.905277848       5.55768347       8.07206258E-02   5.97149804E-02  0.739773512       6.02989160E-02   4.60696146E-02  0.110870086       2.04217043E-02  0.110870071       8.27497467E-02   1.36453658E-02   8.27498212E-02  0.747007549      0.771491766     k_33_53_8                                                                          1.24201283E-03   1.02344621E-02   3.02490685E-03   1.16889831E-04   1.64308306E-03   1.39435539E-02   3.99369746E-03   1.53807923E-04
   99.0000000       0.00000000      0.270000011       10.5419998       19.2997131       7.30000019      0.887955666       5.72755814       4.19022404E-02   3.14723998E-02  0.751091123       3.57114635E-02   2.65593715E-02   5.97579852E-02   6.19078428E-03   5.97579740E-02   4.47520725E-02   4.91302973E-03   4.47521061E-02  0.852256656      0.843894064     k_33_53_9                                                                          7.03765138E-04   5.54205105E-03   1.76279387E-03   7.43621495E-05   9.11078998E-04   7.34352879E-03   2.39533675E-03   1.02430349E-04
   99.0000000       0.00000000      0.300000012       10.5419998       19.4477234       7.30000019      0.869587302       5.91493368       2.30712742E-02   1.78628191E-02  0.774245024       2.10999940E-02   1.52704380E-02   3.36212739E-02   1.97128253E-03   3.36212739E-02   2.54979599E-02   2.59237993E-03   2.54981127E-02  0.914556921      0.854872763     k_33_53_10                                                                         4.33261826E-04   3.26154754E-03   1.09030795E-03   4.94746491E-05   5.41793474E-04   4.12100740E-03   1.51307217E-03   7.08620064E-05
   99.0000000       0.00000000      0.330000013       10.5419998       19.6144867       7.30000019      0.850246310       6.12081385       1.34128751E-02   1.09201493E-02  0.814154267       1.23840673E-02   8.61064345E-03   1.96049083E-02   1.02880376E-03   1.96049083E-02   1.52254561E-02   2.30950559E-03   1.52254850E-02  0.923296988      0.788509667     k_33_53_11                                                                         2.73659098E-04   2.09561782E-03   7.15046364E-04   3.47925816E-05   3.44156841E-04   2.45370157E-03   1.00461964E-03   5.09434612E-05
   99.0000000       0.00000000      0.360000014       10.5419998       19.8023567       7.30000019      0.830005109       6.34636879       8.18376429E-03   6.55105198E-03  0.800493717       7.18676904E-03   4.31205053E-03   1.17771486E-02   9.96994670E-04   1.17771486E-02   8.70707072E-03   2.23900215E-03   8.70708656E-03  0.878174007      0.658222616     k_33_53_12                                                                         1.79166003E-04   1.30148861E-03   4.87147423E-04   2.54520564E-05   2.32226739E-04   1.54124142E-03   6.98267482E-04   3.79660632E-05
   99.0000000       0.00000000      0.389999986       10.5419998       20.0141945       7.30000019      0.808937728       6.59292126       5.19903144E-03   4.28321259E-03  0.823848188       4.10052342E-03   2.15173652E-03   7.24929338E-03   1.09850813E-03   7.24929338E-03   5.35906758E-03   2.13147537E-03   5.35909412E-03  0.788709104      0.502365112     k_33_53_13                                                                         1.29883367E-04   8.82613473E-04   3.64785345E-04   2.04386015E-05   1.65225152E-04   1.01364055E-03   5.04874042E-04   2.91838078E-05
   99.0000000       0.00000000      0.419999987       10.5419998       20.2535419       7.30000019      0.787114561       6.86202955       3.40875192E-03   2.93277833E-03  0.860367179       2.28355755E-03   1.07721484E-03   4.55053104E-03   1.12519413E-03   4.55053104E-03   3.47136776E-03   1.85556372E-03   3.47140338E-03  0.669910192      0.367301822     k_33_53_14                                                                         9.61117985E-05   6.34216471E-04   2.83346308E-04   1.67643593E-05   1.22920857E-04   6.92216621E-04   3.76928627E-04   2.29884172E-05
   99.0000000       0.00000000      0.449999988       10.5419998       20.5247478       7.30000019      0.764608204       7.15543127       2.28560809E-03   2.03056284E-03  0.888412535       1.22736604E-03   4.84229648E-04   2.89929123E-03   1.05824205E-03   2.89929123E-03   2.27267668E-03   1.54633331E-03   2.27267900E-03  0.536997616      0.238470659     k_33_53_15                                                                         7.32093395E-05   4.64371726E-04   2.22073533E-04   1.38944306E-05   9.47982262E-05   4.86665871E-04   2.88289419E-04   1.84241071E-05
   99.0000000       0.00000000      0.479999989       10.5419998       20.8332615       7.30000019      0.741489649       7.47512770       1.55473861E-03   1.40530383E-03  0.903884292       6.25323330E-04   1.75578200E-04   1.86740025E-03   9.29415401E-04   1.86740025E-03   1.49308681E-03   1.22972601E-03   1.49309949E-03  0.402204812      0.124939673     k_33_53_16                                                                         5.62843779E-05   3.41358013E-04   1.75808629E-04   1.15853763E-05   7.52197375E-05   3.49681650E-04   2.24352028E-04   1.49298576E-05
   99.0000000       0.00000000      0.509999990       10.5419998       21.1860065       7.30000019      0.717826486       7.82343817       1.06558262E-03   9.66094551E-04  0.906635046       2.91400618E-04   2.38368066E-05   1.21128303E-03   7.74181855E-04   1.21128291E-03   9.78011754E-04   9.42257757E-04   9.78014199E-04  0.273465991       2.46733688E-02 k_33_53_17                                                                         4.39351679E-05   2.50758254E-04   1.39315802E-04   9.59818863E-06   6.10219213E-05   2.55249615E-04   1.76650661E-04   1.21687262E-05
   99.0000000       0.00000000      0.540000021       10.5419998       21.5919151       7.30000019      0.693683267       8.20305824       7.31662731E-04   6.58489706E-04  0.899990797       1.13550414E-04  -4.25343096E-05   7.88438017E-04   6.18112332E-04   7.88437901E-04   6.37222722E-04   7.01024022E-04   6.37222431E-04  0.155195028      -6.45937324E-02 k_33_53_18                                                                         3.48725771E-05   1.84028977E-04   1.10206049E-04   7.88828766E-06   5.03579759E-05   1.88399892E-04   1.40108183E-04   9.93513095E-06
   99.0000000       0.00000000      0.569999993       10.5419998       22.0626469       7.30000019      0.669123888       8.61707020       5.00977738E-04   4.44407488E-04  0.887080312       2.46530089E-05  -6.40376602E-05   5.13304316E-04   4.76324785E-04   5.13304316E-04   4.12387366E-04   5.08445140E-04   4.12389985E-04   4.92097884E-02 -0.144096717     k_33_53_19                                                                         2.81772445E-05   1.34941161E-04   8.69861105E-05   6.41142105E-06   4.21136428E-05   1.40138931E-04   1.11578367E-04   8.10121855E-06
   99.0000000       0.00000000      0.600000024       10.5419998       22.6138401       7.30000019      0.644206941       9.06910419       3.40625149E-04   2.96606973E-04  0.870772362      -1.50651749E-05  -6.42087762E-05   3.33092554E-04   3.55690310E-04   3.33092583E-04   2.64501199E-04   3.60815728E-04   2.64503935E-04  -4.42280173E-02 -0.216477633     k_33_53_20                                                                         2.31182421E-05   9.89688997E-05   6.84063634E-05   5.17239823E-06   3.55781704E-05   1.04773026E-04   8.89910152E-05   6.58142380E-06
   99.0000000       0.00000000      0.629999995       10.5419998       23.2669277       7.30000019      0.618988454       9.56339359       2.29092562E-04   1.95119748E-04  0.851707041      -2.88011088E-05  -5.51038611E-05   2.14692001E-04   2.57893669E-04   2.14692001E-04   1.67567981E-04   2.50223587E-04   1.67567632E-04 -0.125718221     -0.282410473     k_33_53_21                                                                         1.92861753E-05   7.24802812E-05   5.35784602E-05   4.09729182E-06   3.02905955E-05   7.85843076E-05   7.09493834E-05   5.31756086E-06
   99.0000000       0.00000000      0.660000026       10.5419998       24.0520916       7.30000019      0.593522251       10.1048803       1.52031629E-04   1.26700455E-04  0.833382189      -2.98305422E-05  -4.32720990E-05   1.37116353E-04   1.81862168E-04   1.37116353E-04   1.05064108E-04   1.69972554E-04   1.05064704E-04 -0.196212739     -0.341530740     k_33_53_22                                                                         1.63584245E-05   5.31808910E-05   4.19627431E-05   3.26372356E-06   2.59761619E-05   5.91324133E-05   5.65424634E-05   4.27295890E-06
   99.0000000       0.00000000      0.689999998       10.5419998       25.0135288       7.30000019      0.567857265       10.6994476       9.90362678E-05   8.07682663E-05  0.815542281      -2.54335810E-05  -3.22197957E-05   8.63194728E-05   1.24469851E-04   8.63194728E-05   6.46584085E-05   1.12988069E-04   6.46583358E-05 -0.256810784     -0.398916513     k_33_53_23                                                                         1.40239199E-05   3.90657005E-05   3.27410489E-05   2.56016392E-06   2.23851366E-05   4.45569167E-05   4.49552863E-05   3.40813313E-06
   99.0000000       0.00000000      0.720000029       10.5419998       26.2187672       7.30000019      0.542039275       11.3540792       6.30479117E-05   5.03237752E-05  0.798183084      -1.94481108E-05  -2.25771655E-05   5.33238672E-05   8.24960298E-05   5.33238563E-05   3.90352616E-05   7.29009334E-05   3.90351161E-05 -0.308465570     -0.448638141     k_33_53_24                                                                         1.21724643E-05   2.86952745E-05   2.55018895E-05   1.99370606E-06   1.93782053E-05   3.36249432E-05   3.56589808E-05   2.69800694E-06
   99.0000000       0.00000000      0.750000000       10.5419998       27.7769871       7.30000019      0.516111732       12.0771036       3.89431225E-05   3.05402173E-05  0.784226179      -1.37109819E-05  -1.50672531E-05   3.20876316E-05   5.26541044E-05   3.20876316E-05   2.30064798E-05   4.56074704E-05   2.30067071E-05 -0.352077097     -0.493357748     k_33_53_25                                                                         1.06666021E-05   2.11684783E-05   1.98491161E-05   1.53379824E-06   1.68327715E-05   2.53960643E-05   2.81952343E-05   2.11781389E-06
   99.0000000       0.00000000      0.779999971       10.5419998       29.8787384       7.30000019      0.490113944       12.8785896       2.31344184E-05   1.79158415E-05  0.774423659      -8.97642076E-06  -9.51675793E-06   1.86462075E-05   3.21108382E-05   1.86462075E-05   1.31574934E-05   2.74326012E-05   1.31574334E-05 -0.388011515     -0.531192362     k_33_53_26                                                                         9.43568102E-06   1.57087397E-05   1.54783047E-05   1.19080732E-06   1.46849816E-05   1.92205825E-05   2.22468170E-05   1.64977973E-06
   99.0000000       0.00000000      0.810000002       10.5419998       32.8936501       7.30000019      0.464082122       13.7707920       1.29775090E-05   9.96864856E-06  0.768148065      -5.41295367E-06  -5.60624039E-06   1.02710328E-05   1.83904631E-05   1.02710319E-05   7.16553041E-06   1.55748894E-05   7.16552631E-06 -0.417102665     -0.562387228     k_33_53_27                                                                         8.39727363E-06   1.17095915E-05   1.20636169E-05   9.11988536E-07   1.28445290E-05   1.45552631E-05   1.74877914E-05   1.27300245E-06
   99.0000000       0.00000000      0.839999974       10.5419998       37.6634674       7.30000019      0.438049704       14.7687435       6.66732103E-06   5.10999416E-06  0.766423881      -2.92759205E-06  -2.99302269E-06   5.20352478E-06   9.59491172E-06   5.20352478E-06   3.61346406E-06   8.10301754E-06   3.61350112E-06 -0.439095706     -0.585719407     k_33_53_28                                                                         7.52563756E-06   8.79531945E-06   9.42316547E-06   6.96578809E-07   1.12848911E-05   1.10506462E-05   1.37207717E-05   9.74409886E-07
   99.0000000       0.00000000      0.870000005       10.5419998       46.7213020       7.30000019      0.412046403       15.8911448       2.89843842E-06   2.22613312E-06  0.768045664      -1.31669560E-06  -1.33049366E-06   2.24009091E-06   4.21513414E-06   2.24009023E-06   1.56089402E-06   3.55662701E-06   1.56087913E-06 -0.454277575     -0.597670317     k_33_53_29                                                                         6.78702600E-06   6.64060826E-06   7.36678248E-06   5.29286353E-07   9.95763276E-06   8.41023939E-06   1.07422065E-05   7.39364623E-07
   99.0000000       0.00000000      0.899999976       10.5419998       75.0456543       7.30000019      0.386100978       17.1613922       7.78352614E-07   6.03871058E-07  0.775832236      -3.59792807E-07  -3.63834545E-07   5.98456381E-07   1.13814554E-06   5.98456381E-07   4.21952507E-07   9.67705432E-07   4.21954894E-07 -0.462249100     -0.602503717     k_33_53_30                                                                         6.15508498E-06   5.04843229E-06   5.75821605E-06   3.98935299E-07   8.82351742E-06   6.41409497E-06   8.38918641E-06   5.55602128E-07
