 #! thr0[f,0]/ phr0[f,1]/ pr[f,2]/ ei[f,3]/ th_e[f,4]/ q2[f,5]/ x[f,6]/ plab[f,7]/ crs0[f,8]/ crs12[f,9]/  ratio[f,10]/ crs_ten0[f,11]/ crs_ten12[f,12]/  crs_pol0_-1[f,13]/ crs_pol0_0[f,14]/ crs_pol0_1[f,15]/ crs_pol12_-1[f,16]/ crs_pol12_0[f,17]/ crs_pol12_1[f,18]/ asym0[f,19]/ asym12[f,20]/ ID[s,21]/ w_l[f,22]/ w_t[f,23]/ w_lt[f,24]/ w_tt[f,25]/ w_l_pwia[f,26]/ w_t_pwia[f,27]/ w_lt_pwia[f,28]/ w_tt_pwia[f,29]/ 
   99.0000000       0.00000000       0.00000000       10.5419998       16.7820740       6.40000010      0.998736739       4.24981785       403.612671       394.832520      0.978246093      -3.00983246E-03  -1.46042955       403.611084       403.615631       403.611084       394.102386       396.292969       394.102386      -7.45722991E-06  -3.69885843E-03 k_33_44_0                                                                          4.87545729       49.1022263      -2.73723322E-06  -1.71661377E-05   4.98595715       50.1928024       6.50521303E-19   0.00000000    
   99.0000000       0.00000000       2.99999993E-02   10.5419998       16.8107357       6.40000010      0.991735041       4.29915857       195.896820       189.959442      0.969691277       2.79617000       1.75551295       197.294922       193.100677       197.294922       190.837189       188.203903       190.837189       1.42736873E-02   9.24151484E-03 k_33_44_1                                                                          2.32062101       23.1435432      0.798108935       4.47750092E-03   2.39597869       23.8776245      0.811649621       4.52804565E-03
   99.0000000       0.00000000       5.99999987E-02   10.5419998       16.8463974       6.40000010      0.983207822       4.36016369       50.9530220       48.1130104      0.944262147       2.89936328       2.33774924       52.4027138       48.0536652       52.4027138       49.2818909       45.7752686       49.2818947       5.69026768E-02   4.85887118E-02 k_33_44_2                                                                         0.585340261       5.75821590      0.404775023       4.53090668E-03  0.621812642       6.10900640      0.417609096       4.63247299E-03
   99.0000000       0.00000000       9.00000036E-02   10.5419998       16.8894005       6.40000010      0.973188221       4.43316221       14.2898769       12.9309187      0.904900610       1.81684339       1.50178182       15.1982956       12.4730330       15.1982956       13.6818104       11.4291401       13.6818142      0.127141997      0.116138831     k_33_44_3                                                                         0.157804191       1.52362597      0.164751098       2.75647640E-03  0.175376967       1.69132245      0.174559087       2.88629532E-03
   99.0000000       0.00000000      0.119999997       10.5419998       16.9401398       6.40000010      0.961719573       4.51851892       4.72718048       4.06921625      0.860812545       1.05505955      0.867992759       5.25471020       3.67212057       5.25471020       4.50321198       3.20122361       4.50321245      0.223190024      0.213307112     k_33_44_4                                                                          5.03054336E-02  0.473093450       7.01046661E-02   1.56107545E-03   5.88185228E-02  0.554336071       7.68573284E-02   1.68198347E-03
   99.0000000       0.00000000      0.150000006       10.5419998       16.9991341       6.40000010      0.948845208       4.61671543       1.79024231       1.45715725      0.813944161      0.611259282      0.495570213       2.09587216       1.17898309       2.09587216       1.70494235      0.961587071       1.70494270      0.341439426      0.340093851     k_33_44_5                                                                          1.84121989E-02  0.167652726       3.18761915E-02   8.76277685E-04   2.27732323E-02  0.208765045       3.64891067E-02   9.89869237E-04
   99.0000000       0.00000000      0.180000007       10.5419998       17.0669193       6.40000010      0.934628308       4.72819281      0.751906216      0.577110887      0.767530382      0.357609361      0.284395576      0.930710912      0.394296914      0.930710912      0.719308436      0.292715162      0.719308734      0.475603670      0.492791921     k_33_44_6                                                                          7.50745600E-03   6.60171807E-02   1.53387645E-02   5.03160059E-04   9.86417383E-03   8.75204355E-02   1.85308736E-02   5.97611070E-04
   99.0000000       0.00000000      0.209999993       10.5419998       17.1441498       6.40000010      0.919136643       4.85347319      0.342968285      0.257395983      0.750495017      0.211130321      0.165382370      0.448533356      0.131837949      0.448533446      0.340086937       9.20136347E-02  0.340087384      0.615597188      0.642521203     k_33_44_7                                                                          3.52671137E-03   2.95773447E-02   7.90466554E-03   2.96500511E-04   4.68264613E-03   3.99999842E-02   9.98377427E-03   3.71692702E-04
   99.0000000       0.00000000      0.239999995       10.5419998       17.2316208       6.40000010      0.902437389       4.99320030      0.167827621      0.125320569      0.746721923      0.125368506       9.65003222E-02  0.230511829       4.24591154E-02  0.230511859      0.173570618       2.88202353E-02  0.173570842      0.747007608      0.770027816     k_33_44_8                                                                          1.83543272E-03   1.45986639E-02   4.32278914E-03   1.80818606E-04   2.40763230E-03   1.96897630E-02   5.68004232E-03   2.38860026E-04
   99.0000000       0.00000000      0.270000011       10.5419998       17.3302555       6.40000010      0.884605348       5.14807558       8.75085518E-02   6.62014112E-02  0.756513596       7.45797306E-02   5.59879802E-02  0.124798417       1.29288202E-02  0.124798417       9.41953510E-02   1.02134254E-02   9.41954181E-02  0.852256477      0.845721841     k_33_44_9                                                                          1.02933019E-03   7.90821668E-03   2.50361580E-03   1.17820920E-04   1.33235962E-03   1.03698149E-02   3.40625900E-03   1.59073155E-04
   99.0000000       0.00000000      0.300000012       10.5419998       17.4411659       6.40000010      0.865715325       5.31892443       4.84122261E-02   3.82485725E-02  0.790060163       4.42757346E-02   3.25790122E-02   7.05501065E-02   4.13649250E-03   7.05500990E-02   5.45379892E-02   5.66956634E-03   5.45381717E-02  0.914556861      0.851770699     k_33_44_10                                                                         6.45928434E-04   4.71917819E-03   1.57160149E-03   7.72357453E-05   7.90569698E-04   5.81933139E-03   2.15134211E-03   1.10049732E-04
   99.0000000       0.00000000      0.330000013       10.5419998       17.5656605       6.40000010      0.845847189       5.50666237       2.82900836E-02   2.37255022E-02  0.838650823       2.61201579E-02   1.88765787E-02   4.13501672E-02   2.16992642E-03   4.13501635E-02   3.31637338E-02   4.84892679E-03   3.31638530E-02  0.923297286      0.795623958     k_33_44_11                                                                         4.27017512E-04   3.04568978E-03   1.05586159E-03   5.61652705E-05   5.00976224E-04   3.46498517E-03   1.42822554E-03   7.91142229E-05
   99.0000000       0.00000000      0.360000014       10.5419998       17.7052975       6.40000010      0.825081825       5.71233559       1.73572153E-02   1.44095644E-02  0.830177188       1.52426576E-02   9.80838295E-03   2.49785483E-02   2.11455883E-03   2.49785427E-02   1.93137508E-02   4.60117962E-03   1.93137620E-02  0.878174126      0.680685580     k_33_44_12                                                                         2.71165569E-04   1.92235946E-03   7.10967754E-04   4.08915221E-05   3.37173435E-04   2.17653858E-03   9.92588699E-04   5.89605188E-05
   99.0000000       0.00000000      0.389999986       10.5419998       17.8619804       6.40000010      0.803496957       5.93717098       1.10937906E-02   9.46161710E-03  0.852875054       8.74977186E-03   5.07038506E-03   1.54686775E-02   2.34401715E-03   1.54686756E-02   1.19967889E-02   4.39123297E-03   1.19968308E-02  0.788708925      0.535889924     k_33_44_13                                                                         1.92308536E-04   1.31197809E-03   5.23044902E-04   3.19256797E-05   2.39243935E-04   1.43154641E-03   7.17620074E-04   4.53220564E-05
   99.0000000       0.00000000      0.419999987       10.5419998       18.0379772       6.40000010      0.781173408       6.18253613       7.32216146E-03   6.27914630E-03  0.857553661       4.90519078E-03   2.36769952E-03   9.77475848E-03   2.41697067E-03   9.77475848E-03   7.46297603E-03   3.91144771E-03   7.46301794E-03  0.669910192      0.377073467     k_33_44_14                                                                         1.39580661E-04   8.96891986E-04   4.03029931E-04   2.60735396E-05   1.77491485E-04   9.77683463E-04   5.35730331E-04   3.57005047E-05
   99.0000000       0.00000000      0.449999988       10.5419998       18.2360897       6.40000010      0.758187473       6.45002794       4.94577736E-03   4.37926920E-03  0.885456204       2.65587075E-03   1.07442949E-03   6.27371296E-03   2.28990731E-03   6.27371296E-03   4.91647748E-03   3.30483960E-03   4.91649006E-03  0.536997616      0.245344475     k_33_44_15                                                                         1.06168220E-04   6.57335913E-04   3.16042628E-04   2.15736800E-05   1.36497736E-04   6.87440624E-04   4.09739529E-04   2.86123541E-05
   99.0000000       0.00000000      0.479999989       10.5419998       18.4597607       6.40000010      0.734614670       6.74147606       3.39183770E-03   3.05124163E-03  0.899583638       1.36421295E-03   4.00885008E-04   4.07394394E-03   2.02762452E-03   4.07394394E-03   3.25167784E-03   2.65035639E-03   3.25169018E-03  0.402204663      0.131384224     k_33_44_16                                                                         8.13936931E-05   4.82868112E-04   2.50022567E-04   1.79674971E-05   1.08003675E-04   4.94014123E-04   3.18874314E-04   2.31858285E-05
   99.0000000       0.00000000      0.509999990       10.5419998       18.7132626       6.40000010      0.710528672       7.05897093       2.34604743E-03   2.11556256E-03  0.901756108       6.41564140E-04   6.50309303E-05   2.66682915E-03   1.70448306E-03   2.66682939E-03   2.14807712E-03   2.05053180E-03   2.14807922E-03  0.273465961       3.07393093E-02 k_33_44_17                                                                         6.33431919E-05   3.54719174E-04   1.98103007E-04   1.49215193E-05   8.73784447E-05   3.60668404E-04   2.51092977E-04   1.88978302E-05
   99.0000000       0.00000000      0.540000021       10.5419998       19.0020180       6.40000010      0.685997725       7.40496540       1.62761123E-03   1.45566498E-03  0.894356668       2.52597034E-04  -8.64330359E-05   1.75390986E-03   1.37501420E-03   1.75390986E-03   1.41244603E-03   1.54209824E-03   1.41245103E-03  0.155194938      -5.93770109E-02 k_33_44_18                                                                         5.01573886E-05   2.60199537E-04   1.56724156E-04   1.22576748E-05   7.19204472E-05   2.66268587E-04   1.99176589E-04   1.54292211E-05
   99.0000000       0.00000000      0.569999993       10.5419998       19.3329144       6.40000010      0.661089957       7.78225708       1.12767052E-03   9.93901514E-04  0.881375790       5.54924773E-05  -1.37634983E-04   1.15541671E-03   1.07217801E-03   1.15541671E-03   9.25082713E-04   1.13153621E-03   9.25084692E-04   4.92098331E-02 -0.138479501     k_33_44_19                                                                         4.03764607E-05   1.90919382E-04   1.23708014E-04   9.96846211E-06   5.99987652E-05   1.98112437E-04   1.58648079E-04   1.25810766E-05
   99.0000000       0.00000000      0.600000024       10.5419998       19.7149639       6.40000010      0.635865629       8.19416809       7.77234149E-04   6.71904825E-04  0.864481866      -3.43754327E-05  -1.42443576E-04   7.60046300E-04   8.11609440E-04   7.60046300E-04   6.00683969E-04   8.14348343E-04   6.00682164E-04  -4.42278981E-02 -0.211999625     k_33_44_20                                                                         3.30140610E-05   1.40004471E-04   9.72939160E-05   8.02045543E-06   5.05738826E-05   1.48162377E-04   1.26564322E-04   1.02208433E-05
   99.0000000       0.00000000      0.629999995       10.5419998       20.1600533       6.40000010      0.610385656       8.64451218       5.31133031E-04   4.49146377E-04  0.845638216      -6.67731583E-05  -1.24468395E-04   4.97746340E-04   5.97906124E-04   4.97746456E-04   3.86912638E-04   5.73614670E-04   3.86911648E-04 -0.125718325     -0.277122110     k_33_44_21                                                                         2.74543745E-05   1.02589329E-04   7.62638592E-05   6.40637882E-06   4.29709144E-05   1.11168985E-04   1.00938785E-04   8.25808820E-06
   99.0000000       0.00000000      0.660000026       10.5419998       20.6843243       6.40000010      0.584704340       9.13781834       3.59205471E-04   2.96942424E-04  0.826664507      -7.04807098E-05  -1.00268902E-04   3.23965127E-04   4.29686188E-04   3.23965127E-04   2.46807409E-04   3.97211290E-04   2.46808544E-04 -0.196212798     -0.337671191     k_33_44_22                                                                         2.32291168E-05   7.52618871E-05   5.97297512E-05   5.07017103E-06   3.67851826E-05   8.36865656E-05   8.04755036E-05   6.63582978E-06
   99.0000000       0.00000000      0.689999998       10.5419998       21.3102322       6.40000010      0.558873057       9.67941761       2.39422297E-04   1.93670843E-04  0.808908939      -6.14862001E-05  -7.59584291E-05   2.08679165E-04   3.00908490E-04   2.08679165E-04   1.55691770E-04   2.69629265E-04   1.55691450E-04 -0.256810665     -0.392203748     k_33_44_23                                                                         1.98973376E-05   5.52997008E-05   4.66810015E-05   3.98359043E-06   3.16522637E-05   6.30892100E-05   6.40164144E-05   5.29277713E-06
   99.0000000       0.00000000      0.720000029       10.5419998       22.0700722       6.40000010      0.532939136       10.2756634       1.56826558E-04   1.24338359E-04  0.792839944      -4.83756085E-05  -5.51151279E-05   1.32638757E-04   2.05202188E-04   1.32638757E-04   9.67804808E-05   1.79453462E-04   9.67810993E-05 -0.308465660     -0.443267286     k_33_44_24                                                                         1.72388336E-05   4.07372791E-05   3.64257940E-05   3.09776988E-06   2.73666228E-05   4.76361965E-05   5.08094963E-05   4.18996933E-06
   99.0000000       0.00000000      0.750000000       10.5419998       23.0121746       6.40000010      0.506945968       10.9341507       1.00478384E-04   7.82747738E-05  0.779021025      -3.53761498E-05  -3.81337450E-05   8.27903059E-05   1.35854541E-04   8.27903059E-05   5.92079523E-05   1.16408519E-04   5.92078541E-05 -0.352077216     -0.487177968     k_33_44_25                                                                         1.50886817E-05   3.00692718E-05   2.83971349E-05   2.40583358E-06   2.37489676E-05   3.60003178E-05   4.02038895E-05   3.28893839E-06
   99.0000000       0.00000000      0.779999971       10.5419998       24.2125530       6.40000010      0.480934113       11.6640282       6.26946494E-05   4.81940915E-05  0.768711388      -2.43262439E-05  -2.53246453E-05   5.05315293E-05   8.70209042E-05   5.05315365E-05   3.55317788E-05   7.35187350E-05   3.55317570E-05 -0.388011485     -0.525471985     k_33_44_26                                                                         1.33376834E-05   2.23262141E-05   2.21655791E-05   1.85498084E-06   2.07040903E-05   2.72643720E-05   3.17488993E-05   2.56208841E-06
   99.0000000       0.00000000      0.810000002       10.5419998       25.7990456       6.40000010      0.454939872       12.4764471       3.77281358E-05   2.87590574E-05  0.762270808      -1.57365066E-05  -1.59985593E-05   2.98598807E-05   5.34646460E-05   2.98598807E-05   2.07596258E-05   4.47576203E-05   2.07599296E-05 -0.417102695     -0.556296349     k_33_44_27                                                                         1.18651615E-05   1.66629397E-05   1.73045373E-05   1.41935516E-06   1.81010291E-05   2.06615841E-05   2.49817840E-05   1.97696409E-06
   99.0000000       0.00000000      0.839999974       10.5419998       28.0067196       6.40000010      0.428996027       13.3851061       2.16516964E-05   1.64459452E-05  0.759568453      -9.50716640E-06  -9.50998310E-06   1.68981132E-05   3.11588665E-05   1.68981132E-05   1.16908632E-05   2.59559256E-05   1.16910423E-05 -0.439095676     -0.578257024     k_33_44_28                                                                         1.06366269E-05   1.25202041E-05   1.35366445E-05   1.08670929E-06   1.58996572E-05   1.56988717E-05   1.96227065E-05   1.51324366E-06
   99.0000000       0.00000000      0.870000005       10.5419998       31.3280392       6.40000010      0.403132826       14.4069929       1.15702933E-05   8.79649542E-06  0.760265529      -5.25612450E-06  -5.17258059E-06   8.94223285E-06   1.68264196E-05   8.94223285E-06   6.21018171E-06   1.39690737E-05   6.21022673E-06 -0.454277545     -0.588027418     k_33_44_29                                                                         9.60060606E-06   9.46711953E-06   1.06045418E-05   8.26218184E-07   1.40300544E-05   1.19578708E-05   1.53831697E-05   1.14823024E-06
   99.0000000       0.00000000      0.899999976       10.5419998       37.0359192       6.40000010      0.377377629       15.5634375       5.46909087E-06   4.18773197E-06  0.765708983      -2.52808150E-06  -2.49718801E-06   4.20504966E-06   7.99717145E-06   4.20504921E-06   2.93913786E-06   6.68491930E-06   2.93913854E-06 -0.462248951     -0.596310377     k_33_44_30                                                                         8.70487384E-06   7.21571132E-06   8.31655507E-06   6.23826509E-07   1.24348935E-05   9.12769428E-06   1.20315372E-05   8.62839443E-07
   99.0000000       0.00000000      0.930000007       10.5419998       50.1089745       6.40000010      0.351754338       16.8816280       1.96626047E-06   1.52784060E-06  0.777028561      -9.08892616E-07  -9.18203909E-07   1.51181439E-06   2.87515309E-06   1.51181439E-06   1.06873927E-06   2.44604462E-06   1.06873767E-06 -0.462244272     -0.600981474     k_33_44_31                                                                         7.93045638E-06   5.55023053E-06   6.56059228E-06   4.71604608E-07   1.10929986E-05   6.99388329E-06   9.40483187E-06   6.42751047E-07
