 #! thr0[f,0]/ phr0[f,1]/ pr[f,2]/ ei[f,3]/ th_e[f,4]/ q2[f,5]/ x[f,6]/ plab[f,7]/ crs0[f,8]/ crs12[f,9]/  ratio[f,10]/ crs_ten0[f,11]/ crs_ten12[f,12]/  crs_pol0_-1[f,13]/ crs_pol0_0[f,14]/ crs_pol0_1[f,15]/ crs_pol12_-1[f,16]/ crs_pol12_0[f,17]/ crs_pol12_1[f,18]/ asym0[f,19]/ asym12[f,20]/ ID[s,21]/ w_l[f,22]/ w_t[f,23]/ w_lt[f,24]/ w_tt[f,25]/ w_l_pwia[f,26]/ w_t_pwia[f,27]/ w_lt_pwia[f,28]/ w_tt_pwia[f,29]/ 
   99.0000000       0.00000000       0.00000000       10.5419998       12.9588032       4.40000010      0.998613060       3.14848971       2647.85840       2588.66675      0.977645457      -1.97072178E-02  -9.84312057       2647.84888       2647.87817       2647.84888       2583.74487       2598.50977       2583.74487      -7.44270073E-06  -3.80239007E-03 k_33_24_0                                                                          14.5817356       126.441658      -2.78304477E-04  -2.28881836E-05   14.9235668       129.325409      -1.07603718E-31   0.00000000    
   99.0000000       0.00000000       2.99999993E-02   10.5419998       12.9731331       4.40000010      0.991009653       3.18604803       1295.27014       1255.18616      0.969053566       18.4883480       11.4521217       1304.51440       1276.78162       1304.51440       1260.91199       1243.73389       1260.91211       1.42737394E-02   9.12384316E-03 k_33_24_1                                                                          6.93286610       59.5885696       2.11676311       1.49288177E-02   7.16526651       61.5222702       2.15324426       1.50432587E-02
   99.0000000       0.00000000       5.99999987E-02   10.5419998       12.9911242       4.40000010      0.981660128       3.23297906       339.536072       321.029388      0.945494235       19.3205261       15.6255102       349.196289       320.215485       349.196289       328.842163       305.403900       328.842194       5.69027215E-02   4.86731455E-02 k_33_24_2                                                                          1.74998963       14.8531380       1.07337928       1.50446892E-02   1.85690010       15.7400246       1.10748446       1.53985023E-02
   99.0000000       0.00000000       9.00000036E-02   10.5419998       13.0129642       4.40000010      0.970596433       3.28961349       95.9669952       86.6751633      0.903176785       12.2014341       10.0714273       102.067703       83.7655563       102.067703       91.7108536       76.6037216       91.7108765      0.127141982      0.116197385     k_33_24_3                                                                         0.468678892       3.91532135      0.436044693       9.14967060E-03  0.522660375       4.35769272      0.462741822       9.59348679E-03
   99.0000000       0.00000000      0.119999997       10.5419998       13.0388041       4.40000010      0.957892358       3.35616398       31.9959507       27.4560299      0.858109534       7.14117670       5.88485956       35.5665398       24.8547745       35.5665398       30.3984680       21.5711727       30.3984528      0.223190010      0.214337602     k_33_24_4                                                                         0.148286819       1.21348929      0.185291305       5.17868996E-03  0.174827099       1.42822671      0.203654200       5.59103489E-03
   99.0000000       0.00000000      0.150000006       10.5419998       13.0688534       4.40000010      0.943621695       3.43293977       12.2139597       9.91635799      0.811887264       4.17032766       3.39496303       14.2991238       8.04363155       14.2991238       11.6138363       6.52139330       11.6138420      0.341439456      0.342359871     k_33_24_5                                                                          5.39885797E-02  0.430079192       8.41529667E-02   2.89690495E-03   6.74663633E-02  0.537868798       9.66428220E-02   3.29047441E-03
   99.0000000       0.00000000      0.180000007       10.5419998       13.1033487       4.40000010      0.927869678       3.52028131       5.17174053       4.05755043      0.784561872       2.45969844       1.98807359       6.40159035       2.71204257       6.40159082       5.05158567       2.06947708       5.05158997      0.475603610      0.489968926     k_33_24_6                                                                          2.25808695E-02  0.173964262       4.09665294E-02   1.68602169E-03   2.91068181E-02  0.225489736       4.90559116E-02   1.98649615E-03
   99.0000000       0.00000000      0.209999993       10.5419998       13.1425877       4.40000010      0.910722613       3.61862230       2.37878680       1.81976080      0.764995337       1.46437430       1.16914248       3.11097383      0.914412379       3.11097383       2.40433073      0.650618672       2.40433383      0.615597129      0.642470419     k_33_24_7                                                                          1.04911039E-02   7.77902603E-02   2.10610889E-02   9.92696732E-04   1.37525834E-02  0.103058465       2.64164712E-02   1.23554468E-03
   99.0000000       0.00000000      0.239999995       10.5419998       13.1868954       4.40000010      0.892279327       3.72841740       1.17416263      0.909784734      0.774837077      0.877108455      0.696928740       1.61271691      0.297054261       1.61271679       1.25824654      0.212856069       1.25825155      0.747007668      0.766036987     k_33_24_8                                                                          5.50709944E-03   3.93083021E-02   1.16068507E-02   6.12238422E-04   7.03275530E-03   5.07320762E-02   1.50216464E-02   7.94000924E-04
   99.0000000       0.00000000      0.270000011       10.5419998       13.2366495       4.40000010      0.872645676       3.85017443      0.617798924      0.516066611      0.835331023      0.526523113      0.422260761      0.881060421       9.12757739E-02  0.881060421      0.727195978       9.38059539E-02  0.727197886      0.852256417      0.818229198     k_33_24_9                                                                          3.35263833E-03   2.28897147E-02   6.98982552E-03   4.05667350E-04   3.86796240E-03   2.67206505E-02   9.00399778E-03   5.28783537E-04
   99.0000000       0.00000000      0.300000012       10.5419998       13.2923079       4.40000010      0.851924300       3.98451257      0.345056355      0.302897811      0.877821267      0.315573633      0.249602571      0.502843142       2.94826925E-02  0.502843082      0.427698582       5.32951839E-02  0.427699536      0.914556801      0.824048758     k_33_24_10                                                                         2.08016043E-03   1.38529595E-02   4.38850373E-03   2.65919138E-04   2.27939966E-03   1.49969496E-02   5.68421977E-03   3.65816522E-04
   99.0000000       0.00000000      0.330000013       10.5419998       13.3544035       4.40000010      0.830220938       4.13213491      0.203682140      0.177505448      0.871482611      0.188059151      0.142806098      0.297711670       1.56229697E-02  0.297711670      0.248908460       3.46993469E-02  0.248908505      0.923297226      0.804516673     k_33_24_11                                                                         1.29472406E-03   8.24742299E-03   2.88208784E-03   1.89561397E-04   1.43360696E-03   8.93119909E-03   3.77207156E-03   2.62987334E-04
   99.0000000       0.00000000      0.360000014       10.5419998       13.4235687       4.40000010      0.807638526       4.29386091      0.126320243      0.111472979      0.882463336      0.110931158       7.94391185E-02  0.181785837       1.53890811E-02  0.181785837      0.151191995       3.20338681E-02  0.151193097      0.878174067      0.712631166     k_33_24_12                                                                         8.59309279E-04   5.30521991E-03   2.01157969E-03   1.40781980E-04   9.57078533E-04   5.61160687E-03   2.62061320E-03   1.95993576E-04
   99.0000000       0.00000000      0.389999986       10.5419998       13.5005322       4.40000010      0.784284949       4.47058868       8.16753432E-02   7.35407844E-02  0.900403738       6.44180924E-02   4.39341366E-02  0.113884389       1.72572602E-02  0.113884389       9.55075249E-02   2.96066348E-02   9.55081657E-02  0.788709164      0.597411871     k_33_24_13                                                                         5.96783764E-04   3.60223930E-03   1.47548958E-03   1.10188033E-04   6.73303148E-04   3.69210541E-03   1.89413154E-03   1.50655978E-04
   99.0000000       0.00000000      0.419999987       10.5419998       13.5861816       4.40000010      0.760258198       4.66340590       5.45848198E-02   4.96109314E-02  0.908877790       3.65669243E-02   2.32021529E-02   7.28682727E-02   1.80178918E-02   7.28682727E-02   6.12119399E-02   2.64087711E-02   6.12120740E-02  0.669910133      0.467682272     k_33_24_14                                                                         4.27012594E-04   2.50680908E-03   1.11048738E-03   8.97836871E-05   4.95080720E-04   2.52267625E-03   1.41380064E-03   1.18673895E-04
   99.0000000       0.00000000      0.449999988       10.5419998       13.6815548       4.40000010      0.735658586       4.87351751       3.73733491E-02   3.39918472E-02  0.909521043       2.00693980E-02   1.06363259E-02   4.74080443E-02   1.73039529E-02   4.74080555E-02   3.93098630E-02   2.33555250E-02   3.93101573E-02  0.536997557      0.312908143     k_33_24_15                                                                         3.05603695E-04   1.78380392E-03   8.49582953E-04   7.40543474E-05   3.77288379E-04   1.77477277E-03   1.08124816E-03   9.51119582E-05
   99.0000000       0.00000000      0.479999989       10.5419998       13.7879190       4.40000010      0.710577726       5.10234880       2.60143131E-02   2.33738143E-02  0.898498237       1.04630804E-02   3.86056141E-03   3.12458556E-02   1.55512337E-02   3.12458556E-02   2.53040083E-02   1.95132494E-02   2.53041741E-02  0.402204752      0.165166080     k_33_24_16                                                                         2.28935955E-04   1.26550673E-03   6.64467167E-04   6.04352099E-05   2.95821228E-04   1.27628702E-03   8.41531961E-04   7.70728220E-05
   99.0000000       0.00000000      0.509999990       10.5419998       13.9067907       4.40000010      0.685105205       5.35152006       1.82902887E-02   1.63220894E-02  0.892391026       5.00177080E-03   8.42142792E-04   2.07911748E-02   1.32885156E-02   2.07911711E-02   1.67431869E-02   1.54799484E-02   1.67431366E-02  0.273465931       5.15952818E-02 k_33_24_17                                                                         1.76171365E-04   9.20405029E-04   5.24375006E-04   4.96856810E-05   2.37197339E-04   9.32578347E-04   6.62810111E-04   6.28191920E-05
   99.0000000       0.00000000      0.540000021       10.5419998       14.0400324       4.40000010      0.659323275       5.62293100       1.29216937E-02   1.14104431E-02  0.883045495       2.00538151E-03  -4.55139118E-04   1.39243864E-02   1.09163132E-02   1.39243864E-02   1.11828996E-02   1.18655823E-02   1.11828493E-02  0.155194938      -3.98879424E-02 k_33_24_18                                                                         1.38079820E-04   6.74657174E-04   4.14465467E-04   4.06811014E-05   1.93559506E-04   6.89184060E-04   5.25982643E-04   5.12888073E-05
   99.0000000       0.00000000      0.569999993       10.5419998       14.1899204       4.40000010      0.633311272       5.91875553       9.13626049E-03   7.94268586E-03  0.869358540       4.49593237E-04  -9.60230362E-04   9.36105754E-03   8.68666824E-03   9.36105847E-03   7.46254623E-03   8.90291575E-03   7.46259419E-03   4.92097661E-02 -0.120894916     k_33_24_19                                                                         1.10000874E-04   4.95311047E-04   3.27221438E-04   3.31819028E-05   1.60167867E-04   5.13388019E-04   4.19213698E-04   4.18213749E-05
   99.0000000       0.00000000      0.600000024       10.5419998       14.3593063       4.40000010      0.607139647       6.24156189       6.44288352E-03   5.49036078E-03  0.852158964      -2.84954964E-04  -1.06290344E-03   6.30040560E-03   6.72783842E-03   6.30040560E-03   4.95890109E-03   6.55326433E-03   4.95891739E-03  -4.42278609E-02 -0.193594456     k_33_24_20                                                                         8.92697790E-05   3.63352214E-04   2.57747277E-04   2.67468276E-05   1.33998285E-04   3.84478539E-04   3.34713259E-04   3.39755497E-05
   99.0000000       0.00000000      0.629999995       10.5419998       14.5517826       4.40000010      0.580874026       6.59435368       4.51906770E-03   3.76740703E-03  0.833669066      -5.68129530E-04  -9.81723890E-04   4.23500268E-03   5.08719729E-03   4.23500361E-03   3.27654881E-03   4.74913092E-03   3.27654183E-03 -0.125718310     -0.260583431     k_33_24_21                                                                         7.35337453E-05   2.66709540E-04   2.02461495E-04   2.13645253E-05   1.13086186E-04   2.88941432E-04   2.67232710E-04   2.74510385E-05
   99.0000000       0.00000000      0.660000026       10.5419998       14.7719202       4.40000010      0.554575861       6.98063326       3.14930081E-03   2.56710569E-03  0.815135121      -6.17933401E-04  -8.25094234E-04   2.84033408E-03   3.76723474E-03   2.84033455E-03   2.15455075E-03   3.39220022E-03   2.15456635E-03 -0.196212888     -0.321410298     k_33_24_22                                                                         6.16316684E-05   1.96089153E-04   1.58902578E-04   1.69054911E-05   9.62339909E-05   2.17905967E-04   2.13345644E-04   2.20584479E-05
   99.0000000       0.00000000      0.689999998       10.5419998       15.0256720       4.40000010      0.528299391       7.40456820       2.17378372E-03   1.73727644E-03  0.799194694      -5.58250875E-04  -6.54025876E-04   1.89465855E-03   2.73203454E-03   1.89465820E-03   1.41026510E-03   2.39130226E-03   1.41026150E-03 -0.256810665     -0.376466215     k_33_24_23                                                                         5.24744828E-05   1.44619815E-04   1.24718688E-04   1.33496724E-05   8.23875162E-05   1.64608253E-04   1.69991792E-04   1.75939786E-05
   99.0000000       0.00000000      0.720000029       10.5419998       15.3209133       4.40000010      0.502094090       7.87110424       1.48401817E-03   1.16198068E-03  0.782996237      -4.57768532E-04  -4.85762430E-04   1.25513389E-03   1.94178661E-03   1.25513389E-03   9.19096288E-04   1.64774316E-03   9.19102575E-04 -0.308465570     -0.418046921     k_33_24_24                                                                         4.53864304E-05   1.06573047E-04   9.77033706E-05   1.03623242E-05   7.09372616E-05   1.24570346E-04   1.35188311E-04   1.39280492E-05
   99.0000000       0.00000000      0.750000000       10.5419998       15.6682920       4.40000010      0.476004243       8.38616371       9.99462325E-04   7.72416650E-04  0.772832155      -3.51887778E-04  -3.62186896E-04   8.23518320E-04   1.35135022E-03   8.23518436E-04   5.91320277E-04   1.13460352E-03   5.91326097E-04 -0.352077067     -0.468900949     k_33_24_25                                                                         3.95270217E-05   7.92963910E-05   7.66491430E-05   8.10527126E-06   6.13608645E-05   9.43761115E-05   1.07219494E-04   1.09328794E-05
   99.0000000       0.00000000      0.779999971       10.5419998       16.0826035       4.40000010      0.450068921       8.95690060       6.63300045E-04   5.06739889E-04  0.763967812      -2.57368025E-04  -2.56637286E-04   5.34616120E-04   9.20668012E-04   5.34616120E-04   3.78421566E-04   7.63377233E-04   3.78421071E-04 -0.388011456     -0.506447792     k_33_24_26                                                                         3.48597023E-05   5.91567259E-05   6.01454703E-05   6.25857865E-06   5.33694329E-05   7.16682698E-05   8.49019925E-05   8.51673030E-06
   99.0000000       0.00000000      0.810000002       10.5419998       16.5850372       4.40000010      0.424323559       9.59200382       4.31836612E-04   3.27494461E-04  0.758375883      -1.80120231E-04  -1.75600304E-04   3.41776496E-04   6.11956755E-04   3.41776496E-04   2.39694229E-04   5.03094750E-04   2.39694331E-04 -0.417102724     -0.536193192     k_33_24_27                                                                         3.09894422E-05   4.43365207E-05   4.72065767E-05   4.80481322E-06   4.65918893E-05   5.44702380E-05   6.70164882E-05   6.57167038E-06
   99.0000000       0.00000000      0.839999974       10.5419998       17.2071838       4.40000010      0.398797870       10.3021650       2.75251427E-04   2.08286670E-04  0.756714225      -1.20861710E-04  -1.15894378E-04   2.14820597E-04   3.96113144E-04   2.14820597E-04   1.50340726E-04   3.24181048E-04   1.50338208E-04 -0.439095676     -0.556417644     k_33_24_28                                                                         2.77968338E-05   3.34855067E-05   3.71663700E-05   3.68186465E-06   4.09006789E-05   4.15157774E-05   5.28315722E-05   5.03022602E-06
   99.0000000       0.00000000      0.870000005       10.5419998       17.9984112       4.40000010      0.373518944       11.1006470       1.70807180E-04   1.29647393E-04  0.759027779      -7.75938897E-05  -7.35688809E-05   1.32010260E-04   2.48401077E-04   1.32010260E-04   9.28627414E-05   2.03216288E-04   9.28631489E-05 -0.454277694     -0.567453623     k_33_24_29                                                                         2.50971625E-05   2.55066279E-05   2.93250923E-05   2.81128632E-06   3.60978265E-05   3.17263330E-05   4.15895884E-05   3.81687096E-06
   99.0000000       0.00000000      0.899999976       10.5419998       19.0409374       4.40000010      0.348509908       12.0040979       1.02336475E-04   7.82882125E-05  0.765007913      -4.73049367E-05  -4.53091125E-05   7.86840101E-05   1.49641419E-04   7.86840101E-05   5.56335326E-05   1.23597332E-04   5.56337764E-05 -0.462249041     -0.578747571     k_33_24_30                                                                         2.27954479E-05   1.95486573E-05   2.32316779E-05   2.13844669E-06   3.20233376E-05   2.43002469E-05   3.26828740E-05   2.86820705E-06
   99.0000000       0.00000000      0.930000007       10.5419998       20.4838295       4.40000010      0.323790282       13.0337400       5.85575908E-05   4.53273715E-05  0.774064839      -2.70679029E-05  -2.63142119E-05   4.50236294E-05   8.56254992E-05   4.50236330E-05   3.21704938E-05   7.16415816E-05   3.21700427E-05 -0.462244123     -0.580536902     k_33_24_31                                                                         2.08432575E-05   1.51119257E-05   1.84444125E-05   1.61454454E-06   2.86134418E-05   1.86849829E-05   2.56857456E-05   2.13658677E-06
   99.0000000       0.00000000      0.959999979       10.5419998       22.6323318       4.40000010      0.299377054       14.2169933       3.13256169E-05   2.46056807E-05  0.785481095      -1.42001600E-05  -1.40190295E-05   2.42255337E-05   4.55257832E-05   2.42255337E-05   1.75961286E-05   3.86247120E-05   1.75962032E-05 -0.453308225     -0.569747686     k_33_24_32                                                                         1.92281568E-05   1.17582367E-05   1.47012461E-05   1.21341327E-06   2.57823885E-05   1.44314545E-05   2.02063584E-05   1.57745717E-06
   99.0000000       0.00000000      0.990000010       10.5419998       26.2438278       4.40000010      0.275283873       15.5899649       1.50190153E-05   1.19855913E-05  0.798027754      -6.53186862E-06  -6.57918645E-06   1.17530799E-05   2.15508844E-05   1.17530790E-05   8.69601536E-06   1.85647768E-05   8.69598080E-06 -0.434906572     -0.548924625     k_33_24_33                                                                         1.79541657E-05   9.21675473E-06   1.17995796E-05   9.09869414E-07   2.35244133E-05   1.12307007E-05   1.59692281E-05   1.15692001E-06
   99.0000000       0.00000000       1.01999998       10.5419998       34.0111237       4.40000010      0.251522511       17.2010937       5.68270161E-06   4.62774187E-06  0.814355969      -2.29897660E-06  -2.40734903E-06   4.53321354E-06   7.98167821E-06   4.53321354E-06   3.42404132E-06   7.03509113E-06   3.42409317E-06 -0.404556990     -0.520199478     k_33_24_34                                                                         1.69263185E-05   7.30964348E-06   9.51756829E-06   6.77124945E-07   2.17542856E-05   8.80138214E-06   1.26818049E-05   8.41571364E-07
   99.0000000       0.00000000       1.04999995       10.5419998       78.1237564       4.40000010      0.228102461       19.1169682       7.31294847E-07   6.06354320E-07  0.829151630      -2.64291572E-07  -2.93306812E-07   5.99149303E-07   9.95586447E-07   5.99148905E-07   4.59699123E-07   8.99661131E-07   4.59702619E-07 -0.361402214     -0.483721823     k_33_24_35                                                                         1.62222659E-05   5.82093344E-06   7.72485964E-06   4.98726649E-07   2.05173401E-05   6.97565383E-06   1.01742698E-05   6.09034942E-07
