 #! thr0[f,0]/ phr0[f,1]/ pr[f,2]/ ei[f,3]/ th_e[f,4]/ q2[f,5]/ x[f,6]/ plab[f,7]/ crs0[f,8]/ crs12[f,9]/  ratio[f,10]/ crs_ten0[f,11]/ crs_ten12[f,12]/  crs_pol0_-1[f,13]/ crs_pol0_0[f,14]/ crs_pol0_1[f,15]/ crs_pol12_-1[f,16]/ crs_pol12_0[f,17]/ crs_pol12_1[f,18]/ asym0[f,19]/ asym12[f,20]/ ID[s,21]/ w_l[f,22]/ w_t[f,23]/ w_lt[f,24]/ w_tt[f,25]/ w_l_pwia[f,26]/ w_t_pwia[f,27]/ w_lt_pwia[f,28]/ w_tt_pwia[f,29]/ 
   96.0000000       0.00000000       0.00000000       10.5419998       17.7684803       6.90000010      0.998756409       4.52256727       270.866974       264.974823      0.978247046      -2.02852604E-03 -0.972685874       270.865936       270.868988       270.865936       264.488464       265.947479       264.488464      -7.48901221E-06  -3.67086148E-03 k_32_49_0                                                                          3.90197945       40.3380241      -2.22272392E-05  -3.43322754E-05   3.99044657       41.2339478      -2.16840434E-19   0.00000000    
   96.0000000       0.00000000       2.99999993E-02   10.5419998       17.7920475       6.90000010      0.993892014       4.55934763       131.849670       128.007629      0.970860422       1.96449697       1.27786601       132.831940       129.885162       132.831909       128.646561       126.729752       128.646530       1.48995211E-02   9.98273306E-03 k_32_49_1                                                                          1.85524261       19.0360222      0.656625926       3.53145599E-03   1.91286194       19.6157341      0.667315960       3.57055664E-03
   96.0000000       0.00000000       5.99999987E-02   10.5419998       17.8235302       6.90000010      0.987497747       4.60822678       34.3944855       32.4764442      0.944234073       2.04297304       1.66366279       35.4159698       32.3515129       35.4159698       33.3082771       30.8127880       33.3082771       5.93982749E-02   5.12267537E-02 k_32_49_2                                                                         0.466386467       4.73051548      0.332388699       3.57890129E-03  0.495306045       5.01870918      0.342900187       3.65471840E-03
   96.0000000       0.00000000       9.00000036E-02   10.5419998       17.8630199       6.90000010      0.979638755       4.66914892       9.67481327       8.72636604      0.901967406       1.28402102       1.06396329       10.3168249       8.39079189       10.3168240       9.25834656       7.66240311       9.25834942      0.132717907      0.121925130     k_32_49_3                                                                         0.125022903       1.24764121      0.134855434       2.17342377E-03  0.139415145       1.38948596      0.143141121       2.27737427E-03
   96.0000000       0.00000000      0.119999997       10.5419998       17.9110126       6.90000010      0.970322549       4.74260521       3.21016359       2.72841287      0.849929512      0.747898519      0.611956656       3.58411312       2.46226549       3.58411312       3.03439093       2.11645651       3.03439140      0.232978314      0.224290341     k_32_49_4                                                                          3.93356048E-02  0.383567214       5.70158064E-02   1.22390687E-03   4.66727130E-02  0.455418557       6.29393905E-02   1.32727623E-03
   96.0000000       0.00000000      0.150000006       10.5419998       17.9679585       6.90000010      0.959589183       4.82894802       1.21946681      0.970622182      0.795939803      0.434634566      0.347968191       1.43678427      0.784832180       1.43678391       1.14460599      0.622654021       1.14460647      0.356413603      0.358500153     k_32_49_5                                                                          1.42506948E-02  0.134495854       2.57431939E-02   6.90616667E-04   1.80416368E-02  0.171517611       2.98403930E-02   7.81200826E-04
   96.0000000       0.00000000      0.180000007       10.5419998       18.0342884       6.90000010      0.947506130       4.92841864      0.513791263      0.385462105      0.750230968      0.255077779      0.199283198      0.641330183      0.258713573      0.641330242      0.485103667      0.186178908      0.485103816      0.496461898      0.516998172     k_32_49_6                                                                          5.83535433E-03   5.29392138E-02   1.23312473E-02   3.95733863E-04   7.80373486E-03   7.19073415E-02   1.51329115E-02   4.71580774E-04
   96.0000000       0.00000000      0.209999993       10.5419998       18.1106853       6.90000010      0.934118152       5.04155350      0.235109106      0.169901371      0.722649038      0.151079953      0.115067728      0.310649067       8.40291530E-02  0.310649067      0.227435142       5.48336320E-02  0.227435350      0.642595053      0.677261889     k_32_49_7                                                                          2.69910251E-03   2.33438574E-02   6.26239646E-03   2.31471844E-04   3.69992899E-03   3.28651965E-02   8.14114418E-03   2.93325633E-04
   96.0000000       0.00000000      0.239999995       10.5419998       18.1978741       6.90000010      0.919490695       5.16882563      0.115427293       8.36555138E-02  0.724746406       9.00065899E-02   6.69800341E-02  0.160430595       2.54207198E-02  0.160430595      0.117145456       1.66754778E-02  0.117145590      0.779768705      0.800664902     k_32_49_8                                                                          1.41946226E-03   1.16536729E-02   3.39926686E-03   1.40232965E-04   1.90025999E-03   1.61780976E-02   4.62467270E-03   1.88497826E-04
   96.0000000       0.00000000      0.270000011       10.5419998       18.2967167       6.90000010      0.903692245       5.31079817       6.03909716E-02   4.45176363E-02  0.737157166       5.37258200E-02   3.87128778E-02   8.72538760E-02   6.66515203E-03   8.72538760E-02   6.38740063E-02   5.80475247E-03   6.38741255E-02  0.889633298      0.869607687     k_32_49_9                                                                          8.05279182E-04   6.35072123E-03   1.95605238E-03   8.86118505E-05   1.05053128E-03   8.52051005E-03   2.76896195E-03   1.25535764E-04
   96.0000000       0.00000000      0.300000012       10.5419998       18.4082661       6.90000010      0.886790395       5.46815300       3.35279480E-02   2.60211844E-02  0.776104271       3.20079997E-02   2.21898593E-02   4.95319441E-02   1.51995791E-03   4.95319515E-02   3.71160880E-02   3.83132510E-03   3.71161439E-02  0.954666257      0.852761328     k_32_49_10                                                                         5.07261953E-04   3.83632211E-03   1.21753081E-03   5.90963755E-05   6.22744672E-04   4.78153862E-03   1.74591353E-03   8.68451316E-05
   96.0000000       0.00000000      0.330000013       10.5419998       18.5337563       6.90000010      0.868859291       5.64163303       1.96644291E-02   1.64033994E-02  0.834166050       1.89523734E-02   1.27718318E-02   2.91406158E-02   7.12055364E-04   2.91406158E-02   2.27892939E-02   3.63156642E-03   2.27893386E-02  0.963789642      0.778608859     k_32_49_11                                                                         3.42674204E-04   2.50871759E-03   8.22175993E-04   4.27562045E-05   3.94238683E-04   2.84697791E-03   1.15702266E-03   6.24333043E-05
   96.0000000       0.00000000      0.360000014       10.5419998       18.6746445       6.90000010      0.849974930       5.83208275       1.21116703E-02   1.06515028E-02  0.879441261       1.11026177E-02   6.94781728E-03   1.76629815E-02   1.00905332E-03   1.76629797E-02   1.41254049E-02   3.70368594E-03   1.41254179E-02  0.916687548      0.652285159     k_32_49_12                                                                         2.29640456E-04   1.70200132E-03   5.73134806E-04   3.19704413E-05   2.65050476E-04   1.78823434E-03   8.02606286E-04   4.65291669E-05
   96.0000000       0.00000000      0.389999986       10.5419998       18.8326931       6.90000010      0.830212712       6.04048538       7.77379470E-03   6.94214320E-03  0.893018603       6.40002545E-03   3.41231283E-03   1.09738074E-02   1.37376960E-03   1.09738074E-02   8.64828471E-03   3.52982990E-03   8.64831451E-03  0.823282003      0.491535932     k_32_49_13                                                                         1.57089424E-04   1.14831550E-03   4.17647796E-04   2.56397761E-05   1.87855272E-04   1.17617345E-03   5.79182990E-04   3.57707031E-05
   96.0000000       0.00000000      0.419999987       10.5419998       19.0100212       6.90000010      0.809648037       6.26795864       5.15262876E-03   4.52540861E-03  0.878271818       3.60318134E-03   1.37425296E-03   6.95421919E-03   1.54944684E-03   6.95421919E-03   5.21253049E-03   3.15115508E-03   5.21253748E-03  0.699289918      0.303674877     k_32_49_14                                                                         1.13846763E-04   7.63152028E-04   3.20113730E-04   2.01814109E-05   1.39134776E-04   8.03035451E-04   4.31405177E-04   2.81732937E-05
   96.0000000       0.00000000      0.449999988       10.5419998       19.2092266       6.90000010      0.788353264       6.51580811       3.49668111E-03   3.17652174E-03  0.908439100       1.96005800E-03   5.59765438E-04   4.47671022E-03   1.53662299E-03   4.47671022E-03   3.45639908E-03   2.61675613E-03   3.45640979E-03  0.560548127      0.176219612     k_32_49_15                                                                         8.62503803E-05   5.58175729E-04   2.53497041E-04   1.68378465E-05   1.06795327E-04   5.64496731E-04   3.29194329E-04   2.25795957E-05
   96.0000000       0.00000000      0.479999989       10.5419998       19.4334164       6.90000010      0.766404748       6.78546429       2.41024606E-03   2.23320327E-03  0.926545739       1.01192703E-03   1.38502059E-04   2.91620963E-03   1.39831891E-03   2.91620963E-03   2.30245036E-03   2.09470093E-03   2.30245828E-03  0.419843882       6.20194599E-02 k_32_49_16                                                                         6.59565121E-05   4.10821172E-04   2.01898627E-04   1.41208729E-05   8.42999216E-05   4.05516301E-04   2.55559542E-04   1.82972581E-05
   96.0000000       0.00000000      0.509999990       10.5419998       19.6864662       6.90000010      0.743873239       7.07860613       1.67640776E-03   1.56044646E-03  0.930827498       4.78545873E-04  -5.68656142E-05   1.91568083E-03   1.19786162E-03   1.91568083E-03   1.53201132E-03   1.61731208E-03   1.53201632E-03  0.285459101      -3.64418887E-02 k_32_49_17                                                                         5.10308892E-05   3.01936292E-04   1.60594558E-04   1.17890013E-05   6.79996447E-05   2.95913022E-04   2.00701659E-04   1.49133994E-05
   96.0000000       0.00000000      0.540000021       10.5419998       19.9732342       6.90000010      0.720825434       7.39718962       1.17021846E-03   1.08080893E-03  0.923595846       1.89576691E-04  -1.31821173E-04   1.26500672E-03   9.80641693E-04   1.26500684E-03   1.01489457E-03   1.21263007E-03   1.01490226E-03  0.162001118     -0.121965289     k_32_49_18                                                                         4.00845711E-05   2.21220835E-04   1.27177802E-04   9.72700946E-06   5.57668791E-05   2.18318397E-04   1.58745621E-04   1.21760677E-05
   96.0000000       0.00000000      0.569999993       10.5419998       20.2997494       6.90000010      0.697330892       7.74337912       8.16142012E-04   7.43620622E-04  0.911141217       4.19820572E-05  -1.47557512E-04   8.37132975E-04   7.74159911E-04   8.37132975E-04   6.69840723E-04   8.91178148E-04   6.69843052E-04   5.14396466E-02 -0.198431179     k_32_49_19                                                                         3.19148348E-05   1.62218654E-04   1.00396603E-04   7.96097447E-06   4.63051838E-05   1.62249460E-04   1.26011902E-04   9.92558489E-06
   96.0000000       0.00000000      0.600000024       10.5419998       20.6738338       6.90000010      0.673449993       8.11975861       5.67089941E-04   5.05406875E-04  0.891228795      -2.61812474E-05  -1.34775677E-04   5.53999271E-04   5.93271223E-04   5.53999387E-04   4.38018615E-04   6.40182465E-04   4.38019226E-04  -4.61677164E-02 -0.266667664     k_32_49_20                                                                         2.58112705E-05   1.18500910E-04   7.86692981E-05   6.36633922E-06   3.88378867E-05   1.21242068E-04   1.00214485E-04   8.06585740E-06
   96.0000000       0.00000000      0.629999995       10.5419998       21.1055908       6.90000010      0.649243772       8.52926350       3.91102163E-04   3.40075145E-04  0.869530201      -5.13443993E-05  -1.11934525E-04   3.65429965E-04   4.42446501E-04   3.65429907E-04   2.84106849E-04   4.52009670E-04   2.84108974E-04 -0.131281301     -0.329146445     k_32_49_21                                                                         2.11810329E-05   8.64728645E-05   6.13752854E-05   5.12408224E-06   3.28021415E-05   9.08618240E-05   7.96436143E-05   6.51834125E-06
   96.0000000       0.00000000      0.660000026       10.5419998       21.6084366       6.90000010      0.624767840       8.97532749       2.67242867E-04   2.26472868E-04  0.847442150      -5.47290256E-05  -8.73236568E-05   2.39878325E-04   3.21971893E-04   2.39878354E-04   1.82811040E-04   3.13796510E-04   1.82810982E-04 -0.204791337     -0.385581106     k_32_49_22                                                                         1.76481644E-05   6.32167867E-05   4.77263711E-05   3.98089651E-06   2.78735934E-05   6.82693790E-05   6.32297015E-05   5.23716517E-06
   96.0000000       0.00000000      0.689999998       10.5419998       22.2005539       6.90000010      0.600075305       9.46193886       1.80327625E-04   1.49090105E-04  0.826773524      -4.83410804E-05  -6.49657159E-05   1.56157083E-04   2.28668738E-04   1.56157083E-04   1.16607182E-04   2.14055821E-04   1.16607276E-04 -0.268073618     -0.435748011     k_32_49_23                                                                         1.49020143E-05   4.62065873E-05   3.70245652E-05   3.16435580E-06   2.37815948E-05   5.13488230E-05   5.00674978E-05   4.17682168E-06
   96.0000000       0.00000000      0.720000029       10.5419998       22.9072533       6.90000010      0.575215936       9.99376392       1.19898046E-04   9.67577362E-05  0.807000101      -3.86064166E-05  -4.66423298E-05   1.00594843E-04   1.58504467E-04   1.00594843E-04   7.34362620E-05   1.43400044E-04   7.34368659E-05 -0.321993709     -0.482052714     k_32_49_24                                                                         1.27309404E-05   3.38033860E-05   2.86486393E-05   2.47039861E-06   2.03640866E-05   3.86662796E-05   3.95411771E-05   3.30653165E-06
   96.0000000       0.00000000      0.750000000       10.5419998       23.7650127       6.90000010      0.550234556       10.5763216       7.82616553E-05   6.17816258E-05  0.789423943      -2.87662861E-05  -3.25286710E-05   6.38785059E-05   1.07027954E-04   6.38785059E-05   4.55172412E-05   9.43102787E-05   4.55173285E-05 -0.367565513     -0.526510417     k_32_49_25                                                                         1.09668881E-05   2.47867229E-05   2.21055398E-05   1.90482206E-06   1.74798279E-05   2.91274500E-05   3.11186268E-05   2.59572880E-06
   96.0000000       0.00000000      0.779999971       10.5419998       24.8284683       6.90000010      0.525173664       11.2161360       4.99952585E-05   3.87248328E-05  0.774570107      -2.02494903E-05  -2.18419518E-05   3.98705088E-05   7.02447433E-05   3.98705088E-05   2.78038769E-05   6.05667883E-05   2.78038424E-05 -0.405028224     -0.564029574     k_32_49_26                                                                         9.52790742E-06   1.82441690E-05   1.70447966E-05   1.45069953E-06   1.50470159E-05   2.19688482E-05   2.44217554E-05   2.02188767E-06
   96.0000000       0.00000000      0.810000002       10.5419998       26.1837292       6.90000010      0.500073135       11.9209471       3.10447649E-05   2.37096720E-05  0.763725281      -1.35167447E-05  -1.41053461E-05   2.42863916E-05   4.45615115E-05   2.42863916E-05   1.66569826E-05   3.78150180E-05   1.66570189E-05 -0.435395300     -0.594919503     k_32_49_27                                                                         8.32241130E-06   1.34784768E-05   1.31367879E-05   1.11339750E-06   1.29686459E-05   1.65682668E-05   1.90849660E-05   1.56013084E-06
   96.0000000       0.00000000      0.839999974       10.5419998       27.9761772       6.90000010      0.474967331       12.7001276       1.86172310E-05   1.40659740E-05  0.755535245      -8.53326219E-06  -8.72943474E-06   1.43506013E-05   2.71504960E-05   1.43506013E-05   9.70120254E-06   2.27954079E-05   9.70131077E-06 -0.458352923     -0.620606482     k_32_49_28                                                                         7.31267437E-06   1.00013694E-05   1.01271553E-05   8.45142040E-07   1.12081298E-05   1.25162878E-05   1.48756289E-05   1.19419383E-06
   96.0000000       0.00000000      0.870000005       10.5419998       30.4743309       6.90000010      0.449889392       13.5649586       1.06368570E-05   7.97055418E-06  0.749333560      -5.04400350E-06  -5.07293043E-06   8.11485552E-06   1.56808619E-05   8.11485552E-06   5.43409215E-06   1.30434846E-05   5.43408487E-06 -0.474200547     -0.636458933     k_32_49_29                                                                         6.43385283E-06   7.44864292E-06   7.79091079E-06   6.36533059E-07   9.70920428E-06   9.46845466E-06   1.15601342E-05   9.06134574E-07
   96.0000000       0.00000000      0.899999976       10.5419998       34.2452850       6.90000010      0.424870074       14.5291920       5.64894708E-06   4.22340418E-06  0.747644484      -2.72573834E-06  -2.72186207E-06   4.28607882E-06   8.37468542E-06   4.28607837E-06   2.86248905E-06   6.94526625E-06   2.86245722E-06 -0.482521474     -0.644471109     k_32_49_30                                                                         5.68001860E-06   5.58295824E-06   5.99749319E-06   4.77242793E-07   8.42600275E-06   7.16901422E-06   8.95170342E-06   6.80920039E-07
   96.0000000       0.00000000      0.930000007       10.5419998       40.7778244       6.90000010      0.399934590       15.6099205       2.64914956E-06   1.98424664E-06  0.749012709      -1.27825820E-06  -1.26345105E-06   2.01002081E-06   3.92740822E-06   2.01002081E-06   1.35252537E-06   3.24769780E-06   1.35251719E-06 -0.482516438     -0.636740923     k_32_49_31                                                                         5.04319723E-06   4.20574906E-06   4.62264825E-06   3.56090823E-07   7.33759543E-06   5.44073691E-06   6.91750211E-06   5.07231107E-07
   96.0000000       0.00000000      0.959999979       10.5419998       56.1144638       6.90000010      0.375107944       16.8283482       9.33413673E-07   7.07335460E-07  0.757794201      -4.41681038E-07  -4.40989794E-07   7.12573240E-07   1.37509448E-06   7.12573012E-07   4.86843476E-07   1.14832540E-06   4.86837905E-07 -0.473188967     -0.623452127     k_32_49_32                                                                         4.49845766E-06   3.20154595E-06   3.58792977E-06   2.66064603E-07   6.41614906E-06   4.14029364E-06   5.33691127E-06   3.74492402E-07
